2	.	2	2	3	3	2	0	121	0.842
2	0	2	3	0	3	2	2	123	1.0133
1	.	2	2	3	3	.	0	121	0.3672
2	1	1	2	1	1	1	2	118	0.3663
1	.	2	3	3	3	3	3	113	0.6463
2	1	2	2	3	1	2	3	104	0.6881
1	3	1	2	3	3	.	3	105	4.6151
2	1	1	3	3	3	.	3	124	1.0097
1	1	0	3	0	0	1	0	121	0.6005
2	0	2	0	1	2	0	2	121	0
1	.	1	2	3	.	3	1	116	0
2	0	2	3	1	2	2	0	106	0.8927
1	1	.	2	1	0	1	3	113	1.1928
1	1	1	2	0	2	2	2	110	0.3187
1	3	0	3	.	3	3	3	101	0.955
1	1	0	1	1	1	2	2	115	0.8146
2	2	0	1	1	2	2	3	131	0.2579
1	2	0	1	2	2	2	0	105	1.6855
2	0	2	0	1	0	2	3	126	1.4366
2	0	.	3	3	3	3	2	121	0.8633
2	0	1	2	1	3	2	2	128	0.5128
2	.	.	2	.	.	3	0	103	2.7363
2	0	.	1	1	2	2	0	108	0.5161
2	3	2	2	1	3	0	0	121	1.1951
2	3	3	.	0	3	0	3	103	0.8568
1	2	2	3	2	2	3	3	101	0.9509
1	1	0	0	1	0	.	3	128	0.9365
2	3	2	3	3	3	2	3	108	0
2	0	2	1	1	0	3	0	131	0.9898
2	3	3	0	3	3	3	2	111	0.2235
2	.	.	0	3	3	3	2	101	0.4837
1	0	1	2	0	1	1	1	118	0.6132
1	0	1	0	3	0	3	3	132	0
2	0	3	3	3	2	1	0	108	0.5432
1	0	.	1	0	.	.	0	101	0.9487
1	1	1	2	2	3	0	3	119	1.986
2	0	1	2	1	3	0	.	123	1.3109
2	0	.	1	2	1	.	0	107	0.2155
1	3	.	.	.	3	3	3	115	0.7467
2	3	3	3	3	2	2	3	105	0.6856
2	2	3	1	0	3	0	3	108	0.9194
1	1	0	0	1	0	2	2	109	1.2573
2	0	1	2	0	3	1	2	116	0.5226
1	2	.	2	2	1	3	2	118	0.9977
1	.	1	.	0	.	1	.	116	0
1	.	1	1	.	.	.	2	123	0
1	1	1	0	1	2	0	3	119	0.2869
2	3	0	3	3	1	2	3	113	0
2	2	1	2	2	2	1	2	107	0.4548
1	0	1	2	0	1	2	0	117	0.6012
1	1	1	1	1	1	3	2	117	1.5643
2	1	1	0	1	1	1	3	125	0.4461
1	1	0	0	0	2	3	3	106	0.3382
1	1	0	0	1	2	2	0	101	0.5908
2	.	2	3	1	1	2	0	111	1.0304
1	1	0	1	0	1	.	3	124	0.5262
1	.	.	.	3	0	3	3	121	1.2383
2	1	1	1	3	3	3	0	103	0.5791
2	0	0	1	1	1	2	1	131	0.6689
1	.	.	3	1	0	1	2	123	0
1	0	1	3	0	.	1	2	110	0
1	2	1	3	1	3	1	3	101	4.9016
2	2	1	1	1	2	.	3	118	1.6041
2	1	2	1	1	3	3	2	121	0.4916
1	2	1	3	0	2	3	2	117	0.3373
1	1	.	3	2	1	.	0	129	0.482
1	2	2	2	.	.	1	2	118	0.5024
1	1	2	2	0	1	2	0	114	1.4692
1	2	1	2	.	1	1	0	127	0.2116
1	1	1	2	.	.	1	2	127	1.062
2	.	3	2	2	3	2	1	129	0.5884
2	3	1	3	3	.	.	0	119	0.3112
1	1	0	2	1	2	2	0	112	0.5505
2	1	1	2	2	2	3	2	108	1.3641
1	2	1	0	1	1	1	0	115	1.0373
2	1	0	2	0	2	0	0	123	0
1	1	0	2	1	.	2	3	112	1.8555
1	3	3	3	3	3	3	3	133	0.3408
1	1	1	0	1	0	.	.	104	0.4323
1	1	2	1	1	1	2	0	107	0.9224
1	1	1	2	0	1	1	2	110	0.5786
2	1	0	1	0	1	0	2	103	1.1928
2	2	3	3	1	1	0	2	133	0.8379
2	2	2	3	3	3	0	2	119	0
2	1	0	1	2	2	1	3	108	0
1	1	3	2	1	2	1	3	119	1.5997
1	.	0	1	1	1	0	3	125	0
1	2	0	3	1	.	3	3	128	0.3689
2	1	2	1	2	1	2	3	121	1.1457
2	1	0	0	1	0	1	0	107	0.9419
2	0	0	3	2	.	2	0	107	0
1	3	0	0	0	3	3	3	127	0
2	0	.	2	0	2	.	2	110	0.4571
1	1	1	0	1	1	2	0	122	0.5509
1	0	1	1	0	0	2	3	103	1.6382
1	3	1	3	3	3	3	2	132	2.0076
2	.	.	3	.	3	3	2	124	0.9799
1	.	.	.	.	.	.	2	101	0.7216
1	1	0	2	1	1	1	1	101	1.0883
2	0	1	1	0	0	.	2	112	0.9007
1	0	0	1	0	3	2	2	129	0.6549
1	0	0	0	0	0	0	2	125	1.165
2	.	.	2	2	3	0	0	131	1.0241
2	0	3	1	0	2	1	0	119	1.3764
2	0	0	1	1	1	0	0	116	0.9319
1	0	2	0	0	.	1	0	125	1.3433
1	.	2	2	.	.	.	2	130	0.5592
2	.	0	3	3	1	1	2	114	1.2327
1	2	0	1	1	0	2	0	131	0.4849
1	0	.	.	.	0	.	2	116	1.0485
2	1	1	1	3	3	0	3	116	1.4578
2	1	1	0	0	3	.	3	108	0.1412
2	2	3	3	3	3	3	3	118	0
2	0	1	1	1	1	0	2	126	0.9431
2	2	1	0	.	0	0	2	129	0
2	2	0	2	3	3	1	1	126	0.4955
2	0	1	1	2	0	2	0	125	0.2936
1	2	3	3	1	1	3	1	125	0.5902
2	1	0	0	1	1	1	0	114	0.6702
2	0	0	2	2	1	0	0	127	0.6246
2	0	0	1	1	3	1	3	127	1.3851
1	2	2	2	0	3	1	2	118	1.3854
1	1	2	0	0	1	0	0	106	1.5125
1	0	1	0	1	0	0	2	110	0.4169
2	1	3	0	3	3	0	3	118	0.312
1	1	2	3	1	1	3	2	101	1.6385
1	0	0	0	0	0	1	3	115	0.9627
1	3	3	3	2	1	3	1	108	1.0944
2	0	1	.	1	.	.	2	117	1.7961
2	2	3	1	1	0	2	0	123	0.4052
2	3	3	2	1	3	3	3	118	0.8775
1	0	2	3	0	0	3	0	131	0.8419
2	0	1	1	0	0	2	.	116	0.291
1	2	2	3	3	.	2	3	131	0
1	1	1	.	2	3	.	2	125	0.44
1	1	1	2	0	3	2	3	126	0.8165
2	.	1	.	3	3	.	3	116	0
1	.	1	0	1	0	3	2	119	0.3878
1	2	3	3	0	3	0	3	126	0.6711
1	0	0	3	0	.	.	1	103	1.3335
1	2	2	2	0	1	2	3	120	0.7486
2	2	2	2	.	1	2	2	108	0.3008
1	0	3	1	0	0	3	3	115	0.6031
1	0	0	1	0	1	2	0	119	0.8115
2	0	2	0	1	2	0	3	106	0.3478
2	0	0	2	2	2	2	0	110	1.2043
1	2	2	0	2	3	0	3	127	0.4269
2	1	1	3	2	1	0	2	121	0.8575
2	1	1	1	2	2	1	3	101	0.7
1	1	0	1	1	2	1	2	106	0.9713
1	2	1	3	3	3	3	3	114	0.947
1	3	3	.	.	.	1	1	113	0
1	1	1	2	3	2	2	2	110	1.0347
1	0	1	1	0	1	1	3	116	1.5397
2	0	1	1	1	1	0	3	123	0.9601
2	1	1	2	0	2	2	3	115	0.3029
1	1	0	1	1	2	1	1	127	0.5008
2	2	3	3	2	2	3	3	107	0
1	.	.	0	0	.	.	2	101	1.8227
2	0	1	2	1	1	0	3	119	0.2579
2	2	0	1	1	3	3	0	131	0.666
2	1	2	0	1	0	1	0	129	0.5224
1	2	0	2	1	1	3	2	105	1.3356
1	.	2	2	2	3	3	0	122	0.4238
2	2	2	2	2	2	2	3	121	0.2316
1	3	2	1	1	3	2	3	119	0.5075
1	1	1	1	1	1	2	0	110	0.5673
2	3	.	3	.	3	3	2	129	1.1843
1	1	2	2	2	2	1	3	112	0.6207
2	1	1	0	1	0	3	3	106	1.0968
1	1	1	3	.	3	.	3	121	1.6213
1	1	2	0	2	1	1	2	131	0.3165
1	3	3	3	.	3	3	3	120	2.7627
1	2	1	0	3	0	2	3	119	0
2	.	2	.	1	.	.	2	113	4.3396
2	2	1	1	3	1	0	2	131	3.68
2	2	2	3	3	3	3	0	108	0
2	2	0	1	1	1	1	2	107	1.3836
2	1	3	1	2	1	1	2	131	0.1713
1	2	2	3	1	3	3	0	126	0.7273
1	.	0	1	2	.	1	0	113	0.8658
1	0	1	0	2	2	1	3	118	0.2099
2	.	.	1	.	.	.	1	132	1.658
1	1	1	2	2	1	2	2	124	1.2323
2	0	2	1	2	1	3	3	124	0
2	3	3	2	1	1	2	3	118	0.1921
2	.	2	1	2	1	2	3	122	0.7576
2	3	1	1	3	2	0	2	119	1.1033
2	3	1	3	2	1	2	1	118	0.7723
2	3	3	3	3	3	2	3	126	1.3239
2	2	1	1	2	2	1	0	117	0.4815
2	1	1	1	1	0	1	0	123	1.8545
1	0	3	3	1	0	3	3	115	1.3092
1	0	1	0	1	0	2	1	119	1.4371
1	2	1	2	1	1	3	.	118	0.276
2	0	0	2	2	2	.	2	119	1.3039
1	2	1	1	1	2	3	2	126	0.3135
2	1	2	2	2	0	0	3	110	0.6408
2	0	1	0	1	2	0	0	129	2.3279
1	1	1	1	2	2	2	3	116	0.1942
2	0	.	3	3	2	0	3	107	2.6568
1	2	1	0	1	3	3	0	105	1.0416
2	1	2	1	1	2	2	2	131	1.0313
1	2	3	3	3	3	3	3	120	0.3565
1	0	2	2	.	2	0	0	113	0.9089
2	0	1	0	1	0	1	2	121	0
2	1	2	2	0	1	.	3	104	1.64
2	1	2	1	1	1	0	3	120	0.8008
2	1	1	1	2	1	1	3	107	0.9481
2	0	1	2	1	1	0	0	119	0.2573
2	1	0	0	0	0	0	0	133	0
2	3	0	3	3	3	.	0	118	0.1886
2	.	.	3	.	.	3	0	113	1.2656
1	1	2	2	1	2	3	3	126	1.2175
1	3	.	3	3	3	3	3	129	0.3776
2	0	2	3	2	3	0	3	112	0.4629
2	0	0	0	0	0	0	3	117	1.202
2	0	.	1	0	0	1	1	107	0
2	0	3	3	1	0	.	2	119	1.5555
2	3	3	3	3	2	1	0	124	0
2	3	3	3	3	3	2	3	124	0.9623
2	2	1	2	3	1	3	3	106	0.4587
1	.	1	3	1	.	3	0	125	0.2991
2	.	.	1	.	0	.	2	131	1.7748
1	1	1	1	1	0	3	2	122	0.5333
2	0	2	2	1	0	1	3	124	1.0565
2	1	.	1	1	.	0	1	109	1.2573
1	0	1	1	2	3	2	0	101	1.9044
2	1	2	1	1	2	0	3	117	0
1	2	3	2	1	3	3	.	130	0.5061
2	3	3	0	3	.	3	0	109	1.5462
1	1	0	.	.	.	.	0	121	0.8626
1	1	1	0	0	0	1	2	131	0.3387
1	0	1	1	1	2	2	0	123	0
2	1	.	1	2	1	1	1	126	0.8668
2	1	1	0	1	.	1	3	110	0
1	.	1	.	3	.	3	2	125	0.7246
1	1	1	0	0	0	0	2	112	0
1	1	2	1	1	2	3	1	122	0.3476
1	0	.	.	0	0	1	3	121	0.5472
1	0	0	2	2	0	3	0	117	1.0022
2	0	0	3	1	2	1	3	132	1.4334
2	3	2	3	3	2	2	3	107	0.4163
2	.	3	0	3	3	3	3	106	0.4807
1	1	1	1	2	2	2	3	118	0.7643
2	.	2	1	.	.	3	0	109	0.139
1	2	.	3	2	1	2	2	125	0.6642
1	1	2	1	1	2	3	2	121	2.0413
2	.	2	.	0	1	2	3	123	1.026
1	1	2	2	3	2	3	3	119	2.5263
1	2	1	3	.	.	3	2	101	0.7282
1	.	0	3	.	.	3	2	108	0.3598
2	0	2	3	2	3	1	3	125	0.5899
2	1	2	2	0	1	2	1	126	1.4935
2	2	1	1	2	1	2	3	123	0.6113
1	0	1	1	0	1	2	1	115	0.4647
2	2	2	2	2	1	1	2	110	0.4632
1	0	0	2	0	0	1	0	124	1.7284
1	1	1	2	1	1	2	0	110	0.3877
1	2	3	3	0	2	.	2	124	1.6633
2	2	1	2	2	1	0	3	113	1.8186
1	1	0	1	2	1	0	2	104	0
2	.	.	2	.	3	.	2	111	2.2337
2	1	2	1	2	1	0	3	118	0
1	.	2	1	0	3	2	3	112	1.5457
1	.	.	0	0	2	2	0	106	0.5748
1	.	.	3	.	.	.	.	108	0.7509
1	.	1	1	3	3	3	3	121	2.9565
1	2	.	2	2	.	.	0	121	1.4457
1	1	0	0	1	2	3	0	112	0.5566
2	1	2	1	3	3	3	3	119	1.4181
2	0	1	1	2	1	0	0	112	3.9394
1	.	0	0	0	1	.	2	111	0.5047
1	1	0	2	3	2	2	1	132	0.7492
1	1	1	3	1	1	3	3	129	4.7913
2	3	3	1	1	1	0	2	101	2.7473
1	2	1	0	1	1	0	2	125	0.2736
2	1	0	2	0	1	0	0	110	0.5994
2	1	1	3	0	0	1	2	123	0
2	3	0	3	3	0	3	2	118	0.6415
2	1	0	2	3	2	0	1	107	0.5077
1	.	.	3	0	.	0	0	118	0.3304
2	1	2	0	2	2	3	2	109	0.7686
1	3	3	0	1	1	0	0	116	0.597
2	.	1	1	.	3	2	2	126	0
2	1	3	3	1	0	1	3	122	0.3452
1	1	1	1	1	1	1	3	116	0
2	0	2	1	1	.	1	3	120	1.1584
2	0	1	2	2	1	2	2	108	0.5432
2	0	1	1	1	1	1	1	129	0.3766
1	1	2	0	1	0	3	0	120	0.7667
1	1	1	2	2	1	1	0	105	0
1	1	1	2	1	3	.	3	104	1.5904
1	1	.	0	3	3	2	3	101	1.8993
1	3	0	3	2	0	3	0	114	0.7377
1	0	1	2	0	1	0	1	112	0.4804
1	2	0	0	0	0	1	2	107	1.1713
2	1	2	0	2	1	0	2	121	0.9317
2	1	2	2	2	2	2	3	132	1.4959
2	0	3	0	2	0	1	3	110	0.2684
2	2	1	3	2	2	0	3	124	0.6501
1	.	1	1	2	2	3	2	113	1.2447
1	1	2	1	2	1	1	1	129	0
2	0	1	1	1	1	1	2	113	0.344
1	.	.	.	0	0	0	0	125	0.305
1	3	.	3	3	0	.	1	119	1.4267
1	1	0	1	1	.	.	2	125	0.4993
1	1	2	1	3	1	2	0	107	0.5618
1	0	1	1	0	0	3	0	114	0.6643
1	1	1	0	1	0	2	0	126	1.5282
2	0	0	0	1	0	0	2	103	1.2721
1	0	1	3	3	2	3	0	125	0.6709
1	1	0	1	1	2	3	1	123	0.4101
2	3	0	3	2	3	.	3	121	0.7601
2	2	1	3	2	2	1	3	117	0.8848
1	.	.	.	.	.	.	0	116	0
2	3	1	3	1	1	3	3	124	0.6111
1	.	2	3	3	3	2	0	116	1.7856
1	1	.	1	2	2	1	0	106	0.7739
1	3	0	.	.	.	.	.	118	0.0885
2	2	1	1	2	2	2	0	126	0.3724
1	0	1	2	1	1	2	2	115	0
1	1	1	0	1	1	1	1	126	0.957
2	1	2	2	2	0	1	.	123	1.7892
2	3	2	3	2	3	1	3	107	0.774
2	0	2	1	0	1	3	0	104	0
2	0	2	3	3	3	3	3	105	0.6269
1	0	1	2	0	2	3	2	133	0.872
2	0	2	0	0	0	3	.	121	2.8654
1	1	1	1	3	3	3	0	132	1.2928
1	0	.	0	3	2	2	3	119	0
2	1	1	1	1	1	3	2	107	0.7048
1	1	1	2	3	3	3	0	114	1.628
2	3	1	3	2	0	1	3	123	0
1	0	1	0	1	1	2	3	110	0.3128
1	1	1	1	1	0	0	1	112	0.2691
1	0	1	3	2	.	3	3	116	0.2479
2	3	2	3	3	3	2	3	117	0.7684
1	1	1	1	1	1	1	1	113	0.7931
1	.	.	3	.	.	.	0	112	1.7767
2	0	1	0	1	0	0	2	114	0.8757
1	.	.	.	.	3	.	1	116	1.7683
1	1	0	1	0	1	1	3	129	0.5163
1	3	1	3	2	2	3	3	129	1.2041
2	1	2	1	0	1	1	2	129	0.4743
1	3	1	3	0	1	2	2	117	0.6315
2	0	3	2	2	2	1	3	123	1.0084
1	1	1	.	1	1	2	2	121	0.8654
2	2	2	3	3	2	0	0	126	2.7617
1	1	3	0	1	0	2	0	120	0.6152
1	1	1	1	0	0	1	0	103	1.1292
2	0	1	1	1	1	0	0	126	1.1571
1	2	3	0	3	3	3	3	119	0.8204
1	1	2	1	1	1	2	2	114	1.0273
2	3	1	2	2	2	1	3	120	0.3753
2	0	3	1	2	.	3	0	116	0.2601
2	2	1	0	0	1	1	3	132	1.2026
2	2	1	1	1	1	2	2	104	0.3545
2	3	3	2	2	2	0	2	131	0.764
2	1	3	1	3	3	1	.	113	3.7111
1	1	0	3	2	1	3	3	133	1.0738
1	1	2	1	1	0	1	0	116	0.3084
2	1	3	2	0	2	1	0	122	0.8267
1	3	.	.	3	3	3	3	121	0.362
2	0	2	3	3	3	2	3	119	0.7355
2	.	1	0	1	2	.	0	132	0.5829
2	.	1	.	1	2	0	0	104	0.3198
2	2	1	3	2	2	2	3	104	1.34
1	1	2	1	1	1	3	0	132	1.4967
1	1	0	3	0	.	.	0	110	1.531
2	0	3	1	3	0	1	3	108	0.5679
2	2	3	1	1	2	.	0	118	0.7999
1	1	1	1	0	1	3	3	126	0.4803
1	3	1	1	1	0	2	2	132	1.9848
1	2	1	1	2	1	3	1	117	0.2724
2	1	1	0	1	1	1	3	106	1.6903
1	0	0	0	0	0	1	0	104	0.2977
1	3	3	1	3	1	0	3	132	2.2643
2	.	.	.	.	3	3	0	113	2.1045
2	2	2	3	.	2	.	0	131	0.788
1	1	1	1	2	2	.	2	108	0.707
1	1	1	2	0	2	2	3	129	0
1	0	3	1	0	1	0	3	113	0.9064
1	1	0	0	2	2	2	0	103	0.8382
2	0	2	3	3	1	.	0	124	1.4589
1	.	.	0	0	.	0	0	132	0.814
2	0	1	0	1	2	0	2	123	1.1923
1	0	.	1	0	3	1	0	106	0.909
2	3	3	2	3	3	3	0	123	0
1	1	2	.	3	3	3	3	104	1.9101
1	1	0	1	1	0	.	3	103	0
1	1	1	0	0	3	0	3	124	0.9785
2	1	1	2	2	2	1	0	119	0.5547
1	0	0	1	0	1	1	0	113	0.8292
1	2	0	0	0	1	2	3	123	0.2853
2	1	1	1	1	1	0	0	128	0
2	3	3	3	2	2	3	0	131	0.9821
1	1	2	1	1	3	2	3	123	0
2	2	3	1	2	3	0	3	126	0.5811
2	1	3	2	3	1	2	3	131	0.3161
2	3	2	2	2	3	0	3	117	0
2	0	.	2	.	2	0	0	118	1.2459
2	2	1	1	1	2	1	2	115	0.6138
2	0	1	3	0	3	0	3	107	0.9017
2	0	0	0	1	1	1	3	130	1.248
2	1	2	2	2	3	.	3	118	0.7712
1	.	1	2	1	0	1	2	127	0.2198
2	1	1	.	1	0	1	0	126	0.6572
2	2	1	2	1	1	1	2	101	1.8553
2	2	1	0	1	0	2	2	116	0.3942
1	.	.	1	1	3	1	2	110	1.8014
1	.	0	1	.	1	1	0	105	1.449
2	1	1	3	3	3	1	.	132	0.5243
1	.	.	3	3	.	3	3	125	0.4412
1	3	1	3	2	2	3	3	129	1.0008
1	3	0	0	0	0	0	0	103	1.443
2	1	1	3	3	3	1	3	108	0.5164
1	0	2	.	2	.	.	0	103	1.2825
2	.	3	0	2	1	1	2	126	0.4093
2	1	2	3	3	2	.	3	124	0.3446
2	1	0	.	1	2	1	3	126	1.3625
1	1	3	0	3	0	3	3	104	0
1	0	1	3	3	3	3	3	122	0
1	.	1	1	.	.	.	3	116	0
2	2	1	1	0	3	2	.	129	0.9203
2	1	2	2	1	0	1	0	103	0.9774
2	1	2	3	2	.	0	3	122	0.7515
1	3	2	3	3	3	1	2	132	2.0961
1	0	2	2	2	3	.	3	106	0
2	.	3	3	3	3	1	3	121	0
2	1	1	1	2	1	1	0	114	0.3152
2	0	2	1	1	0	0	0	106	0.7529
1	0	0	1	1	.	2	2	128	0
2	0	1	1	3	0	0	1	120	0.4644
2	3	.	3	2	.	.	3	126	1.2377
2	2	1	3	1	.	1	0	112	0.769
1	1	0	1	1	0	1	0	109	0.7686
1	0	0	.	2	2	1	2	107	0.8245
2	1	3	0	1	1	2	3	116	1.3864
2	1	2	0	2	1	0	3	109	1.7889
1	0	0	0	.	0	3	1	101	1.5226
1	0	3	.	0	0	2	0	103	0.7876
2	3	0	1	2	2	0	3	131	0
2	0	2	.	0	3	.	3	117	0.3695
2	1	.	2	2	3	1	3	108	0
2	2	3	3	2	1	2	3	121	0.9334
1	3	3	3	3	2	3	3	106	0.5028
1	1	0	1	0	3	3	3	115	1.4337
1	.	.	.	.	1	.	0	121	2.0743
2	1	2	2	1	2	3	3	103	2.8084
2	0	3	1	2	1	2	3	127	0.297
2	3	2	2	3	3	3	3	127	0
1	0	0	0	0	0	0	2	131	1.1931
1	1	0	1	.	1	1	3	119	0.5579
2	0	1	2	1	1	0	2	126	0.9881
2	3	0	3	3	3	2	3	107	0.4308
1	2	.	3	3	2	.	0	108	0.6192
2	1	0	1	1	2	1	3	101	1.3265
1	2	2	0	0	2	3	3	104	1.6915
2	2	1	1	2	2	1	3	120	0.4138
2	2	2	2	2	1	1	3	129	0.2553
1	1	1	3	1	3	1	2	101	0.4687
2	2	1	1	0	0	1	3	114	0.7212
2	0	1	0	1	0	0	0	123	0.6512
2	0	1	2	1	2	1	3	112	0.4683
1	2	1	3	2	2	2	2	109	0.4149
2	1	2	2	3	3	1	3	118	0.2505
2	3	2	3	3	3	1	3	125	0.6305
2	3	3	2	3	3	0	3	115	1.4246
2	3	1	3	3	.	0	0	121	0
1	2	2	0	2	0	1	2	132	0.8903
2	.	2	3	2	0	.	3	126	1.5135
1	1	1	2	1	2	2	3	120	0.5841
2	1	0	0	2	3	0	3	123	0.9717
2	.	3	3	.	2	.	0	117	1.6801
2	0	2	1	1	1	1	2	131	0.3593
1	1	1	2	1	1	3	0	109	0.8944
2	3	1	0	0	3	3	3	133	0.519
2	1	2	2	2	3	1	0	132	2.0077
2	3	3	3	3	3	3	3	118	0.2231
2	3	3	3	2	0	1	1	111	0.6604
2	2	3	3	3	3	3	3	127	1.8478
1	0	3	3	2	2	2	3	121	0.2882
1	0	2	.	1	3	2	3	110	0.4286
2	.	.	2	.	0	.	2	121	0.9425
2	3	1	3	3	3	.	3	119	0.585
1	1	0	.	3	2	2	0	113	0.9809
1	3	0	3	1	1	3	0	112	0.6575
1	1	0	3	1	3	1	2	118	0.9074
2	.	1	0	1	1	1	0	104	0.8669
2	2	1	1	0	3	.	3	123	0.6868
2	0	3	3	3	2	.	3	132	1.1547
2	1	1	2	2	1	0	3	108	1.0633
1	1	.	0	.	0	.	2	111	1.5172
1	1	0	0	2	1	1	1	112	0.9399
2	0	0	.	2	2	3	3	104	0.7523
2	2	2	3	3	3	3	0	108	0.3216
1	0	0	2	0	1	2	0	107	0.9481
1	2	1	2	3	0	0	0	101	0.5309
2	2	0	1	3	0	1	0	124	0.645
2	1	1	0	1	0	1	2	106	0.3
2	2	2	3	2	.	2	3	126	1.633
2	1	1	2	1	2	1	2	117	1.1444
2	3	1	3	1	3	2	3	127	0.3378
2	0	3	3	2	3	0	3	123	0.3508
1	0	2	2	1	2	2	3	123	1.0618
1	0	2	1	0	2	0	0	112	0.5256
1	1	0	3	0	0	3	3	106	0.8146
2	0	1	0	0	0	.	0	121	0.5316
1	0	0	.	0	0	0	3	114	0.8121
1	0	2	1	1	.	0	2	104	0.9551
1	0	0	1	2	0	2	2	113	0.846
1	2	2	2	3	1	0	3	125	0.8799
1	3	1	0	2	2	1	0	105	2.0566
1	.	2	3	3	0	3	3	127	0.7233
1	1	0	1	1	3	2	0	109	0.6498
1	0	1	0	1	2	2	0	113	0.7953
1	2	3	2	2	2	3	1	111	0.7992
2	1	1	1	1	1	1	0	124	1.9762
2	3	1	2	2	3	3	2	108	1.7213
1	2	2	2	2	1	3	3	114	1.2828
2	1	2	.	1	1	1	3	127	0.6259
1	2	0	1	1	1	3	2	123	0.6878
2	0	1	0	2	.	.	1	109	0
2	0	3	1	0	0	3	0	132	2.3366
2	0	0	1	0	0	0	3	117	1.0022
1	1	.	3	1	1	3	0	123	0.624
1	2	.	3	2	.	3	0	132	0
1	3	0	3	0	0	3	3	116	1.7644
2	2	2	1	2	1	3	3	129	0.9239
1	.	2	3	3	3	3	2	115	0.8721
1	.	0	3	0	0	2	2	118	0.7826
2	.	0	1	.	1	0	2	112	0.9895
2	3	.	2	1	1	2	0	110	1.0318
1	.	.	1	0	0	.	.	114	1.9665
2	0	1	3	0	3	0	2	132	0.99
1	0	1	1	0	3	1	3	124	0
2	2	1	3	3	3	2	2	123	1.1436
2	1	1	0	1	2	2	3	113	2.1723
1	3	3	3	2	.	3	1	127	2.7986
1	1	.	.	2	1	.	0	122	0.8194
1	1	.	2	1	0	1	1	106	0
1	.	3	3	3	2	.	3	107	0.2633
2	3	3	3	3	3	3	2	112	0.5634
2	1	1	1	1	2	1	0	123	0.6971
1	.	0	3	2	3	2	2	125	0.9084
2	3	1	2	.	1	2	2	112	0.9332
1	.	0	3	2	2	1	0	116	0.4336
1	2	0	2	1	2	3	0	108	0.5248
1	2	.	3	1	.	1	0	126	2.938
2	0	0	1	2	1	3	3	104	0.267
1	1	2	2	.	0	3	3	127	0.307
2	2	2	3	3	3	3	3	103	0.3271
1	0	.	3	3	3	.	3	133	0.4231
2	0	1	3	1	2	0	0	107	1.4324
2	1	3	0	3	3	1	3	117	1.071
1	1	.	1	1	0	.	2	110	0.9361
2	.	0	3	.	3	0	0	109	0.8023
2	0	0	1	1	2	0	0	123	0.7976
2	.	.	.	.	.	.	0	129	0.571
2	1	3	2	3	3	.	3	117	0.5717
1	1	0	1	0	2	1	3	107	0.5216
1	0	0	1	0	0	0	3	101	1.4275
1	1	3	2	2	2	3	2	115	1.1137
1	0	0	0	0	0	3	2	107	0.5319
2	1	1	1	0	0	2	0	129	1.1157
1	0	0	1	0	.	.	0	114	0.2761
1	0	0	1	1	2	2	2	113	0
1	.	.	2	.	0	3	0	120	0.9288
1	2	3	3	3	3	3	2	132	0.5192
2	1	2	0	2	.	2	3	123	0.6878
2	3	3	1	3	3	2	3	113	2.1473
1	.	1	2	.	.	1	0	128	0.9185
2	3	0	3	2	1	3	3	106	0.5843
1	2	2	3	3	2	3	2	106	1.0742
2	2	1	0	.	2	.	2	118	0.3992
1	.	3	3	.	3	3	0	130	0.7002
1	1	3	0	1	0	.	3	119	0.3366
2	.	0	3	0	0	1	2	113	0.4143
2	.	1	2	1	1	1	0	124	0
1	3	0	3	2	2	3	3	126	0.515
2	0	1	0	0	1	1	0	106	1.0083
2	1	1	1	2	2	1	3	116	1.0748
1	0	2	1	1	0	3	0	115	1.2312
2	2	2	0	2	0	0	0	112	0.4334
1	1	2	3	2	3	2	2	110	2.2184
2	1	1	2	1	1	0	3	114	0.7365
1	1	1	1	1	2	2	3	116	1.1275
1	1	2	2	1	2	2	1	113	0
1	1	3	3	0	3	3	3	123	0.8389
1	1	2	.	3	2	.	0	110	0.2716
2	0	.	0	.	2	.	2	108	0.7011
2	1	0	0	1	0	2	2	128	0.8742
2	3	3	2	3	2	2	3	107	1.1993
1	1	3	0	2	3	1	0	104	0
2	1	1	2	1	2	3	1	126	1.4266
2	1	1	3	1	1	0	1	113	0.9587
2	3	3	3	3	3	3	2	125	1.0236
1	1	1	0	1	1	1	3	109	0.5826
2	1	3	3	2	1	1	0	126	0.2758
1	1	0	3	2	1	1	0	131	0.6689
1	0	3	0	1	0	0	2	117	1.0726
1	1	1	3	1	0	3	3	115	0.7767
2	1	2	3	1	0	1	2	110	0.314
2	.	2	1	.	.	2	0	117	2.1111
1	3	3	3	3	1	2	3	133	0.5879
2	3	0	3	3	0	2	2	124	0.616
1	3	3	3	3	3	3	3	105	0.6977
1	2	0	0	1	0	0	3	113	0.5451
2	2	1	1	1	0	2	2	108	0.3044
1	2	0	2	2	3	0	.	104	2.3537
1	0	1	0	2	1	1	0	105	1.3997
1	1	1	0	1	0	0	2	129	0
1	2	2	3	1	3	2	3	119	0.5552
1	1	0	2	3	1	.	2	127	0.3325
2	2	1	1	1	0	.	2	129	0.7022
1	1	0	0	0	0	3	3	103	1.0929
1	1	0	1	1	1	2	0	106	1.3603
2	1	2	0	0	0	0	0	124	0.5536
2	0	1	1	2	3	3	3	118	0.4131
1	1	1	1	0	2	3	3	101	0.6538
1	1	1	2	2	2	1	0	104	1.2057
2	1	0	2	1	1	1	2	118	0.2239
1	0	3	2	2	0	.	1	108	0.4203
1	2	1	3	2	3	3	3	116	0.6648
2	.	3	3	.	0	0	3	123	0.2896
1	1	0	1	1	1	1	3	113	1.3982
2	1	1	2	2	2	1	0	107	0.7903
1	.	.	.	.	.	.	0	101	0.6852
2	0	1	3	1	.	0	3	123	0.8736
2	1	0	2	1	1	0	2	126	0.7293
2	.	.	.	.	0	.	2	109	3.4629
1	2	0	3	2	1	3	2	117	0.7843
1	2	1	1	1	3	2	3	101	0.9276
2	2	1	2	2	1	1	0	131	0.7009
2	1	1	0	1	2	3	3	119	0
1	.	.	.	.	3	1	0	125	0.8781
2	2	2	0	1	3	1	3	126	0
1	0	3	0	1	0	2	0	131	0.9038
1	1	0	3	1	1	1	2	105	1.9268
1	2	2	2	.	.	.	0	126	1.1398
1	.	2	3	3	3	3	3	130	0.7267
2	0	3	0	3	3	1	1	118	0.7216
2	0	0	2	1	1	0	2	127	0.4604
2	1	2	3	3	3	2	3	122	0.5772
1	0	0	2	3	3	3	0	114	0.8386
2	0	0	2	1	2	2	0	121	0.9078
2	2	2	3	2	1	1	2	108	0.1267
1	3	.	3	3	.	3	0	123	0.9194
1	0	1	0	0	0	3	2	101	1.116
1	2	1	3	2	2	3	2	129	0.95
1	1	1	0	2	2	3	3	125	0.4019
2	1	1	1	.	.	2	3	130	0.4794
2	0	2	3	3	0	0	3	104	1.1512
1	0	1	2	1	1	2	0	103	1.2807
1	1	2	2	2	2	1	2	104	1.7779
2	1	1	2	1	2	.	0	123	0.6341
2	1	1	0	1	0	1	2	112	0.2999
2	3	3	.	.	1	3	3	101	0
1	2	0	3	2	2	3	1	119	0.9242
2	1	2	0	0	.	.	3	106	0.4583
2	0	2	0	2	3	1	0	109	0.0957
2	0	0	1	1	2	3	2	126	0.8182
1	3	1	3	3	0	3	0	105	1.548
1	3	.	2	2	0	1	3	110	0.1697
1	0	.	1	2	0	.	2	126	2.8033
1	2	1	2	0	2	.	3	129	0.4378
2	3	2	1	2	2	1	0	119	0.536
1	1	1	1	1	0	1	0	106	0.7577
1	0	0	1	1	3	0	3	124	0.4997
1	1	0	3	1	2	2	3	115	0.7872
2	3	3	3	0	3	1	0	124	0
1	0	0	2	1	3	3	2	112	0.5576
2	0	1	.	1	1	1	0	110	0.3189
1	1	1	0	2	1	0	0	109	0.2928
1	0	1	1	.	1	3	3	117	0.7008
1	1	0	1	1	1	1	2	120	0.7261
1	2	3	3	.	2	3	3	123	0.3495
2	2	2	3	3	.	1	2	110	2.4605
2	3	3	3	3	3	3	3	120	0.4146
2	2	0	0	3	3	0	3	129	0.7186
2	3	2	3	3	2	0	3	109	0.1162
1	1	0	2	1	.	.	0	112	0
2	1	1	1	1	1	2	0	125	0.3885
2	2	1	2	1	2	1	1	121	0.2624
2	0	3	.	.	3	.	2	119	2.7871
1	0	1	1	1	2	1	3	112	0.8134
1	0	0	2	2	0	3	0	114	1.9571
1	0	0	0	0	2	2	0	110	0.5227
2	3	3	3	1	2	2	3	110	0.6542
2	0	1	1	0	.	1	0	118	0
2	1	2	3	2	1	0	0	119	0.7902
2	.	2	2	3	3	3	3	125	0.6504
1	3	.	3	3	3	.	3	117	0.6331
1	1	0	1	2	2	1	2	125	1.1837
1	2	3	.	2	2	.	2	124	0
1	0	0	0	0	.	2	2	127	0.4349
1	3	3	3	3	3	3	3	104	0.3395
1	1	0	2	0	2	3	0	127	0.3455
1	1	1	3	0	0	2	0	108	0.3772
1	0	1	0	2	1	1	3	122	0.1996
2	1	3	3	3	.	3	2	133	0.8438
1	1	1	2	1	2	1	2	114	1.2828
1	3	3	3	3	3	3	3	107	0.5555
1	0	1	0	0	1	2	0	126	0.5734
1	1	1	2	1	.	2	.	101	1.1541
2	.	2	1	1	0	0	1	109	2.0361
2	1	0	1	1	1	1	0	107	0.7007
2	1	1	2	2	3	1	3	126	0
2	1	0	1	2	2	1	0	101	2.8448
1	1	2	3	1	3	3	3	126	0.7152
1	1	.	3	1	3	3	3	115	0.9695
2	2	1	0	1	1	1	3	113	0.7106
1	0	0	0	0	0	0	2	107	0.8622
2	1	3	0	2	1	3	2	121	1.4142
1	2	1	2	2	2	0	2	123	0.2983
2	3	3	0	0	0	0	0	106	0.2985
2	1	3	0	1	3	1	2	127	0.2464
1	3	2	.	.	3	3	3	116	0.2332
2	1	2	3	1	2	3	2	109	0.4199
1	0	0	1	0	0	2	0	106	4.5163
1	3	1	1	1	1	0	0	115	0.8238
1	2	3	3	0	0	2	1	132	1.0631
2	0	1	0	1	0	2	2	126	0.4995
2	1	0	2	2	0	.	3	132	1.8676
2	1	3	2	2	1	3	3	123	0.7809
2	0	1	0	1	0	1	0	101	1.4482
1	1	1	0	0	1	.	3	122	0.3246
1	0	1	2	0	2	3	2	108	0.4896
1	1	0	2	1	2	3	0	132	1.7197
1	1	2	0	2	1	1	3	125	0.3801
1	0	1	3	3	2	3	3	119	0.4529
1	3	3	3	3	0	3	0	124	1.2613
2	0	0	2	2	2	1	2	126	1.8292
2	0	1	0	1	0	2	2	132	0.7524
1	0	3	2	0	0	0	0	129	0.9309
2	1	0	0	2	3	0	2	112	0.3333
1	1	2	3	2	3	2	3	128	2.6675
2	.	1	2	1	3	.	2	118	0.3443
1	0	0	0	0	0	2	2	114	0.3358
2	1	0	0	2	1	0	2	104	1.4606
2	.	2	2	1	3	1	2	115	1.1076
1	.	0	0	0	0	1	3	132	0.65
2	1	1	3	2	2	0	3	120	4.3797
2	1	3	0	3	0	2	3	120	1.7685
1	1	1	1	0	1	2	0	106	0.3328
2	0	1	0	1	0	1	0	116	0.4648
1	1	1	3	3	.	2	3	118	0
1	2	1	1	2	1	2	0	106	0.909
2	0	0	0	2	1	2	3	103	0.4744
2	0	2	2	0	0	1	2	117	0.4045
2	2	2	3	2	0	0	0	118	0.276
1	0	1	1	2	2	1	3	108	0
2	2	0	3	3	3	0	2	107	0.8954
2	1	1	1	2	2	0	2	119	0.4032
1	1	1	0	2	1	2	1	126	1.8428
2	0	0	.	2	0	3	0	110	0
1	1	0	1	1	1	1	0	109	0.7285
1	1	0	0	3	1	1	2	113	0.7052
1	1	0	3	3	.	1	3	113	1.4415
1	0	.	3	3	3	3	3	114	0.7445
2	1	3	1	1	1	.	.	129	0.7292
1	1	1	3	1	2	2	2	108	1.0555
2	1	1	0	2	2	0	2	121	1.2655
1	1	3	3	1	2	3	2	118	0.9526
1	.	.	3	.	.	.	0	119	1.5092
2	.	.	1	2	0	.	3	118	0
2	.	1	2	.	0	.	0	107	0.3097
2	1	2	3	3	3	0	3	125	0.9515
2	1	3	0	0	3	1	3	127	0.5044
2	3	3	3	3	1	1	3	123	1.5101
2	.	.	3	.	0	.	3	123	0.8946
2	1	2	2	1	0	1	2	115	0.6898
1	0	0	0	0	0	0	3	114	1.2318
2	1	2	2	2	2	2	3	125	0.6477
2	1	2	2	3	1	1	1	123	1.1248
1	1	2	1	0	.	.	3	104	0.3601
1	2	1	3	3	1	3	0	132	0.9703
2	0	.	1	.	1	0	0	112	2.1585
1	2	3	3	2	2	2	2	116	0.2257
2	2	2	3	2	2	0	3	128	0.4365
1	0	0	0	1	0	0	2	122	0.1756
2	1	2	3	3	2	2	2	107	1.7138
1	.	.	1	0	1	0	0	132	2.5261
2	1	1	3	3	0	1	3	115	1.4765
2	.	.	.	3	3	3	.	107	0
1	1	.	1	.	0	.	0	106	0
1	3	3	3	2	.	3	3	123	0.757
1	1	2	2	1	1	2	0	103	1.9337
1	2	3	1	0	1	3	2	132	0.5773
1	2	1	0	0	2	3	3	107	0.8638
2	1	.	2	.	0	.	0	125	0.6051
1	.	.	.	.	.	.	0	108	0.8568
2	1	1	0	.	3	0	2	129	0.7919
2	1	0	1	2	2	2	2	112	0.9698
2	3	1	3	2	.	3	2	112	1.2507
1	2	1	0	0	0	3	0	127	0.576
2	2	2	3	.	2	2	3	113	3.3028
2	1	0	1	0	1	0	1	103	0.9615
2	1	1	0	1	2	.	2	121	0.9533
2	2	2	1	2	3	.	3	121	0.2613
1	2	1	1	1	1	2	0	126	0.7138
2	.	2	2	0	1	.	3	117	0.4837
2	0	1	1	0	2	0	0	103	0.6669
1	2	2	2	2	1	3	1	129	0.5076
2	2	1	2	1	1	.	2	116	0.7674
1	3	3	3	3	3	.	0	116	0.224
1	0	1	2	1	1	2	1	107	0.3935
1	.	.	.	.	3	.	3	116	0.3883
1	0	1	0	1	1	2	2	101	1.0303
1	0	1	1	0	1	2	2	127	0.4417
2	1	2	3	1	1	0	3	101	1.118
2	2	1	1	2	2	2	3	131	0.7745
1	2	.	2	2	.	2	0	125	0.3254
1	3	3	0	.	3	.	1	123	0.3296
1	.	.	0	0	3	0	0	129	0.286
2	0	1	2	2	2	2	3	124	0.5219
1	0	.	3	3	3	3	2	121	0.3498
1	0	0	2	1	.	1	3	118	0.8158
1	0	0	0	1	1	2	2	119	0.5961
2	0	0	2	2	2	3	0	113	0.4455
1	0	0	1	0	1	2	3	129	1.0896
2	0	1	2	1	2	1	3	122	1.0246
1	3	1	3	1	3	3	2	124	3.3825
2	.	1	.	.	.	.	.	120	0.5884
2	2	3	0	2	3	1	3	126	1.6188
2	2	0	1	0	0	3	0	118	0
1	0	0	1	0	0	.	0	109	0.1468
1	2	1	3	3	3	3	2	106	0.8294
2	0	3	2	1	2	2	2	131	0.5834
1	1	1	2	1	1	2	2	123	0.6512
2	2	0	1	3	1	0	3	127	0.9051
2	2	3	3	2	2	2	3	126	0.3517
1	.	.	.	.	1	.	2	126	1.8015
2	0	0	3	3	.	3	2	101	0.6426
1	3	3	0	3	0	0	2	123	0.8168
2	2	2	1	3	3	3	3	131	1.0916
1	0	.	0	0	1	3	0	126	0.4199
1	1	0	3	1	0	3	2	122	0.5973
1	1	0	2	1	.	1	0	129	0.8486
1	2	2	1	1	.	1	0	101	0.8394
2	2	1	2	2	2	2	3	106	0.4243
1	1	0	1	1	0	3	0	101	0.4464
2	.	1	2	3	3	3	3	109	0.2573
1	1	0	0	3	0	0	3	126	0.3586
1	1	0	2	1	2	.	0	105	2.705
2	0	2	0	1	0	1	0	133	1.005
2	0	1	0	0	3	3	3	114	0.7769
1	1	2	2	2	2	1	3	114	1.276
1	1	0	2	1	1	1	2	111	1.6388
1	3	3	2	2	2	3	2	109	0.6435
1	0	0	3	0	2	0	0	129	0.349
1	0	2	0	3	0	2	1	109	1.399
2	1	1	0	1	1	.	1	107	0
2	2	2	3	3	3	2	3	119	0.8692
2	2	1	0	1	0	1	2	107	0.4337
1	2	1	1	0	1	2	2	129	0.6051
1	1	3	.	0	0	.	0	116	0.9586
1	3	3	3	.	1	3	3	130	0.281
1	1	3	2	1	2	2	2	112	0.8335
2	3	2	1	1	2	1	2	109	1.8081
1	0	2	1	1	1	1	0	117	1.6505
2	0	1	.	2	2	1	2	104	1.8879
2	2	1	3	3	1	2	3	113	0.7891
2	1	0	1	.	1	1	0	122	0.2083
2	2	2	2	3	0	0	3	126	0.5867
1	2	3	1	1	3	2	3	115	0.3685
1	.	0	0	0	0	0	0	108	0.6061
2	0	3	0	2	2	2	2	117	0.5885
2	2	.	3	3	3	0	3	123	0.2853
1	3	2	0	0	2	1	3	103	1.3646
1	1	0	0	0	0	2	0	109	1.7145
2	0	3	3	2	0	1	.	121	0.4119
1	1	1	0	1	1	3	0	132	1.7697
1	1	2	.	1	0	1	.	118	0.2822
1	3	3	3	3	3	3	3	133	0.4496
1	1	0	1	2	3	3	3	131	1.593
1	0	3	0	2	3	2	3	131	0.4624
1	1	1	1	1	2	0	1	130	0.4528
2	3	3	3	3	3	3	3	121	2.9353
2	3	3	1	2	2	2	3	120	1.7785
2	3	2	2	3	3	.	3	114	0.5964
1	.	.	3	1	.	.	0	121	0.4152
1	2	1	1	0	0	.	0	108	0.5443
1	3	3	0	0	.	3	0	101	0.4263
2	0	3	3	0	0	3	3	116	1.0749
2	2	0	2	0	2	2	3	112	0.1903
2	3	1	3	2	2	1	3	107	0.4048
2	2	1	2	2	2	2	1	110	0
1	2	2	2	1	2	3	1	105	6.4445
1	1	2	0	1	1	3	1	113	0.7953
1	0	1	1	0	0	1	3	110	0.8188
2	1	2	0	0	2	2	2	108	0.2986
2	3	2	1	2	2	2	2	124	1.8987
1	1	0	0	0	0	2	0	117	0.7684
2	3	1	3	3	0	1	0	131	1.0313
2	1	1	2	2	0	1	2	108	0.8519
1	1	2	0	2	2	2	3	104	1.276
1	0	.	0	0	0	0	2	115	0.4729
1	.	3	3	.	3	.	3	130	1.3038
2	0	1	3	0	.	0	.	106	0
2	2	1	0	1	3	.	2	112	0.7752
1	2	1	1	0	1	1	2	105	1.369
1	2	2	0	0	0	3	2	132	1.0282
2	0	3	0	0	3	0	2	107	0
2	.	2	1	1	.	2	3	133	1.4858
2	.	.	3	.	.	.	2	108	0.9633
2	3	0	1	1	1	2	0	106	0.5646
2	2	3	1	2	2	1	3	110	0.6779
2	1	1	2	2	.	1	2	123	0.6364
1	1	1	0	0	2	.	1	113	0.6562
1	0	0	0	0	0	1	0	131	2.4974
1	.	2	1	0	0	.	3	118	1.6361
1	0	1	0	0	.	0	0	131	1.4431
1	1	.	2	.	2	1	0	118	0.5287
1	0	1	2	0	1	.	2	119	1.4402
2	.	0	1	2	3	0	3	108	1.8005
1	3	3	3	3	3	3	3	126	1.0759
2	3	1	3	3	1	1	0	127	0.2994
1	.	1	3	3	3	.	3	121	0.5565
1	3	3	3	3	3	3	3	127	1.0386
2	2	2	3	3	3	1	2	125	0.3209
2	2	3	3	2	3	0	3	110	0.5994
1	0	1	0	2	0	1	2	126	0.868
2	2	2	2	2	.	.	0	117	0.6012
2	0	2	2	1	0	2	2	124	1.5772
2	2	0	1	2	1	2	3	106	0.3316
2	0	3	1	1	0	1	2	125	0.3746
1	1	1	2	2	1	2	2	107	0.6549
2	0	1	2	2	1	.	2	109	1.5531
1	0	0	2	0	3	1	0	103	0.8999
1	1	0	1	1	1	1	1	114	0.9188
1	1	1	.	2	.	.	0	117	0.7831
1	3	3	3	3	3	.	3	104	0.805
1	1	3	2	0	1	3	2	122	0.384
1	3	3	3	3	3	3	3	121	0.6478
2	3	3	3	2	2	3	0	109	0.3008
1	0	.	.	2	1	.	.	125	0
1	2	1	2	2	3	3	2	101	0.8978
2	1	0	2	.	0	1	3	109	0.6187
2	3	1	3	3	3	.	3	122	0.2973
1	2	3	2	1	2	3	0	105	1.5591
2	2	1	3	2	3	0	3	119	0.5369
2	3	2	1	3	2	1	2	106	0.7601
2	1	0	2	1	1	2	3	109	1.6359
1	.	.	2	3	2	1	0	130	0.4919
1	2	2	2	1	1	2	0	104	0
2	2	1	2	2	.	1	2	116	0.3866
1	2	1	3	1	1	3	3	107	0.2381
1	0	2	0	0	.	0	3	109	0.3567
1	1	1	1	1	0	2	0	129	1.1157
1	1	0	.	2	.	.	0	108	1.5368
1	2	1	0	2	2	3	1	107	0.4114
2	1	1	1	3	3	2	2	103	1.7501
1	0	.	.	0	.	.	0	117	0.4874
1	1	0	1	0	0	1	0	106	0.9167
2	1	2	3	0	1	.	0	123	0.3294
1	0	.	0	.	0	.	0	110	0
2	2	3	3	3	2	3	3	129	0
1	2	0	2	1	.	.	0	112	0.6495
2	.	.	.	.	.	.	0	121	0
1	.	2	.	1	2	.	3	121	1.0385
2	1	1	2	1	2	1	0	108	0.5691
2	0	1	0	1	1	2	2	106	1.5186
1	0	0	0	0	0	0	0	101	1.1489
1	0	1	0	0	0	1	0	101	0.6349
1	1	2	2	1	0	2	0	101	0
2	2	2	3	3	3	1	3	117	0.9328
2	1	0	1	1	1	0	0	118	0.6525
2	1	1	2	2	.	1	0	128	0.9166
2	1	1	2	1	1	3	3	123	0
2	.	.	1	2	.	.	3	117	0.5571
1	0	2	3	1	2	3	2	132	1.7197
1	1	2	1	1	0	0	2	123	1.1295
2	2	2	2	2	3	2	3	120	0.3623
1	2	1	3	2	2	3	1	122	1.2083
2	0	2	.	1	1	1	.	104	1.3457
2	3	2	1	2	.	.	1	121	3.7998
2	2	2	2	.	2	2	1	121	2.105
2	0	3	1	2	2	2	0	101	0.6607
2	2	2	3	3	3	1	2	118	1.0918
1	.	0	1	0	.	1	0	115	0.8546
1	1	2	.	2	2	3	2	131	1.7376
2	2	.	3	3	3	.	3	133	0.7665
2	3	1	2	2	3	1	3	120	0.5345
2	1	1	1	0	0	1	2	131	1.5657
2	0	3	3	1	3	0	3	109	0
1	3	2	.	3	3	2	3	116	0.9404
1	1	1	2	1	0	2	2	114	0.6552
2	.	2	.	1	.	.	3	118	0.1639
1	1	0	2	2	1	2	2	132	1.6898
2	3	0	3	2	2	1	3	126	1.0767
1	0	2	1	2	3	2	3	114	0.8012
1	3	3	0	.	.	0	0	106	0
2	0	2	2	1	2	2	3	115	0.319
1	1	1	.	2	3	.	0	118	0.7705
2	1	3	2	2	2	2	3	115	0.8877
2	1	2	1	2	2	0	3	131	0.2875
1	1	0	0	0	1	3	2	119	1.1029
1	0	0	1	0	1	1	3	115	0.2908
1	1	3	3	2	0	2	2	126	0.376
2	.	.	3	0	0	0	0	126	0.7293
1	3	0	3	3	0	2	3	116	1.1693
1	0	1	1	0	1	0	0	117	0.3207
2	3	3	3	2	1	1	3	118	1.2624
2	1	2	2	1	1	0	0	112	0.4267
1	0	0	2	0	2	3	2	119	0.5071
1	2	1	3	3	3	3	3	130	0.5152
2	1	1	1	3	1	2	2	103	0.5868
2	0	3	2	3	3	3	3	121	0
1	2	1	0	1	0	2	0	128	0.5544
2	2	0	3	2	2	3	3	132	4.0152
1	.	1	1	2	1	.	3	101	0.6891
2	.	.	0	3	3	.	3	121	1.202
2	3	1	3	3	3	0	2	109	0.7765
1	1	.	0	0	1	2	2	125	0.4932
1	0	.	.	1	1	3	2	101	1.4482
1	1	1	1	1	0	2	2	115	1.0717
1	2	1	2	1	2	2	2	116	1.3071
1	1	2	1	0	0	2	0	127	0.5056
1	.	0	2	.	2	1	3	105	0
2	3	2	3	3	3	3	3	116	1.0504
2	1	0	2	2	0	0	0	110	1.1696
1	2	0	3	0	0	1	3	124	1.2205
1	1	1	2	1	1	1	2	120	0.3226
1	3	1	3	1	2	3	2	130	0.2684
1	2	1	3	1	2	2	2	129	1.4716
2	2	3	3	2	1	2	3	119	0.2598
1	1	.	1	.	3	.	.	116	0
1	1	2	3	0	0	3	3	114	0.5468
2	3	3	.	1	.	2	.	113	2.8442
2	1	1	0	1	1	1	1	109	0
1	3	0	1	0	3	.	3	133	0
1	2	3	0	1	3	.	0	131	1.8527
2	1	1	2	0	1	1	2	101	1.0403
1	2	3	2	2	2	3	0	114	0.5926
2	0	0	0	0	0	2	2	124	1.5394
2	0	.	3	1	0	.	.	108	0.7803
2	1	2	1	2	2	2	3	132	0.4861
2	1	1	1	2	3	0	3	109	0
2	3	2	1	1	0	1	2	106	1.246
2	1	3	2	.	3	2	3	117	1.4238
1	2	2	1	0	3	1	2	115	1.0454
2	.	2	0	1	1	2	3	117	0
2	1	1	.	2	.	1	3	123	0.5419
1	0	0	1	0	0	3	2	133	1.4584
2	0	3	3	3	3	2	3	3	0.9749
1	1	1	0	0	1	2	0	4	2.8884
1	.	0	1	1	1	2	2	5	0.4356
1	.	0	0	0	0	3	0	8	1.0786
1	2	.	.	1	2	1	0	8	0.3916
2	1	2	.	2	2	0	0	9	3.4082
1	0	1	1	1	1	3	0	9	0.7444
1	0	0	0	0	1	2	0	14	1.173
2	2	2	0	1	2	0	3	18	0.8526
2	3	3	2	3	3	1	3	20	1.4818
2	1	2	2	1	.	.	3	21	0.8337
2	1	1	1	0	1	0	0	22	1.4972
1	1	0	.	0	0	.	2	23	0
1	0	1	0	1	0	2	3	25	0.8314
2	3	0	3	3	3	2	3	26	0.9749
2	1	2	2	2	0	0	3	27	0
2	0	.	0	1	0	3	2	27	1.9162
1	1	0	2	1	1	2	0	28	0.3888
2	1	0	0	2	1	2	2	30	0.9438
1	3	.	.	0	3	.	0	31	1.4229
1	2	0	1	1	0	0	2	38	0.5487
2	2	0	2	1	1	0	2	38	1.4727
2	2	2	2	2	2	2	2	40	0.6896
1	0	.	1	1	.	3	0	43	1.51
2	3	2	2	3	2	1	1	45	0.8854
1	1	0	0	1	0	1	1	45	0.9092
1	2	2	3	2	2	2	0	47	0.7275
2	.	3	.	.	2	.	0	48	0.8183
2	1	1	2	.	1	1	2	49	0.3701
1	.	0	0	.	0	.	2	50	2.2165
2	1	2	.	.	.	.	2	51	1.974
1	.	0	0	1	0	0	0	52	0.3215
1	.	.	1	1	1	.	0	56	0.3679
2	.	.	1	3	2	3	0	57	0.8447
1	2	3	0	0	0	3	0	62	0
1	3	3	3	3	3	3	3	63	0.5255
2	2	1	1	1	0	1	2	65	0.7915
1	0	0	0	3	3	3	3	66	2.2188
1	1	0	1	2	2	1	.	66	1.3292
2	2	2	.	.	.	1	2	67	0.785
2	.	1	0	0	2	1	2	67	0.4129
2	.	2	2	3	1	1	2	68	1.6516
2	3	1	1	1	3	2	3	68	0.3851
1	1	0	2	2	2	3	0	72	1.6644
1	1	2	3	1	0	3	1	77	0.3552
1	3	3	3	2	3	3	0	79	0.9598
1	3	3	3	3	0	3	2	83	0.4059
1	0	2	0	1	1	2	0	87	1.1819
2	1	.	2	2	2	2	1	88	3.9136
2	3	2	3	3	3	0	2	88	0.8779
1	1	1	3	.	3	0	0	89	0.9317
1	0	0	1	0	0	1	0	91	0.8779
2	2	0	3	2	3	0	3	92	1.0575
2	2	0	2	3	2	2	3	93	0.4281
1	0	1	0	2	2	1	2	94	0
2	1	1	2	2	0	0	3	94	0
2	.	3	.	3	1	3	3	95	1.313
2	1	0	1	1	2	2	1	96	0.7266
1	1	0	3	0	1	2	0	97	0.3597
2	0	0	.	3	1	3	1	98	1.0388
2	3	1	3	3	3	.	0	99	1.7433
1	.	0	.	0	.	0	0	100	1.1439
2	1	2	1	2	2	0	3	2	1.0418
2	2	1	2	1	2	1	3	4	0.8854
2	2	2	3	2	2	3	3	7	0.4035
1	2	1	0	1	0	.	0	12	1.327
2	1	1	3	1	3	3	3	15	0.3301
2	1	2	1	2	3	1	0	16	0.9119
2	1	2	1	3	3	1	3	17	0.5803
1	.	.	3	3	3	3	3	18	0.3963
2	.	1	0	.	0	.	0	19	0.9631
1	.	1	0	.	.	.	2	22	0.3963
2	3	2	2	2	3	1	3	22	0.6525
2	3	3	3	3	3	3	3	23	0.8187
2	0	1	.	0	.	2	0	24	0
2	0	2	3	1	1	1	3	26	1.2215
2	2	.	.	.	.	.	2	28	0.9515
1	1	0	1	2	1	2	0	31	1.0275
2	.	.	1	3	3	0	3	33	0.3828
2	0	0	1	1	0	1	0	34	1.4238
1	.	.	1	1	0	.	3	35	0.9011
2	1	0	0	2	2	1	3	36	0.3423
1	2	2	.	3	3	1	3	37	1.4014
1	1	2	3	0	0	0	3	39	0.8565
2	1	1	2	2	3	3	3	40	0.6249
2	3	3	3	3	3	3	2	41	1.6474
2	3	1	2	3	0	0	3	41	0.8376
2	3	2	2	1	1	3	3	42	1.6531
1	0	0	0	1	.	3	1	43	0.7607
1	1	2	3	3	3	3	3	45	0.5063
2	3	3	3	1	3	2	0	48	0.7789
2	1	2	1	1	2	0	3	51	2.6757
1	1	2	3	0	3	3	3	52	0
1	1	1	2	2	1	0	0	53	0.387
2	3	2	3	2	2	2	3	53	1.4921
1	0	2	0	0	3	1	0	54	0.5958
2	.	0	.	1	0	0	2	56	0.3783
1	0	0	3	.	3	.	0	58	0.7799
2	2	0	3	3	3	2	3	59	0.415
1	0	0	0	0	0	2	0	59	0.8677
2	0	0	0	2	1	2	2	60	1.0338
2	2	0	2	2	0	2	1	61	0.8739
1	0	2	.	.	0	2	2	62	0.6097
1	0	2	1	1	1	.	0	65	0.731
2	3	0	2	3	1	3	3	70	0.8553
2	0	2	3	2	3	0	3	71	1.004
2	3	.	3	3	3	3	3	72	1.5728
1	0	1	3	2	1	1	3	74	0.8694
1	.	.	3	3	.	3	0	75	0
1	3	3	3	1	1	.	2	75	0
1	3	.	.	.	.	.	2	76	1.5463
1	0	0	1	0	0	2	0	76	0.7517
1	.	.	1	0	1	1	0	78	0.8032
1	1	1	1	0	.	3	2	80	0.9109
1	3	1	3	3	2	3	2	81	0.8367
1	1	1	1	0	2	3	2	86	0.9962
2	1	2	2	2	3	.	0	87	0.3828
1	3	.	3	2	3	3	3	88	0
2	0	1	3	3	3	1	3	89	0.8545
2	2	3	2	2	2	2	2	90	1.3891
1	0	1	.	3	3	3	1	90	1.1118
1	3	3	3	2	3	3	0	91	0.8301
1	.	.	.	0	1	0	2	93	1.3833
1	1	0	3	3	0	.	0	94	0
2	3	2	1	2	1	2	3	97	0.7444
2	0	3	0	1	2	0	2	99	0
2	3	2	3	2	1	2	1	100	0.6749
1	3	3	3	3	1	1	0	100	0
2	1	0	3	2	3	1	3	2	0.6177
2	1	3	0	2	1	3	3	3	0.3401
2	.	3	.	2	3	.	3	6	0
2	3	1	3	3	2	1	2	8	0.3916
1	0	0	2	0	1	1	0	9	0.3804
1	0	1	1	2	2	0	0	9	0.8314
1	1	0	2	1	1	1	1	12	0.8974
1	.	2	1	2	.	.	0	13	0.8868
2	2	3	2	2	3	2	3	20	1.1916
1	0	1	3	.	2	0	0	20	1.9595
1	.	1	0	0	2	0	3	21	1.3449
1	1	0	2	1	2	2	0	22	0.3805
1	2	1	1	0	0	1	0	25	0
2	2	.	2	1	.	3	0	26	1.2937
1	1	3	3	1	3	3	3	29	0.3866
1	0	0	2	1	0	2	3	30	0
1	0	0	1	2	2	2	0	30	0
1	0	0	0	1	2	1	0	32	0
1	0	1	1	1	0	1	3	33	0
1	1	1	1	1	0	2	2	33	1.4496
1	0	1	1	1	2	2	1	36	0.4859
2	0	2	3	3	0	3	2	37	0.9147
1	1	1	3	2	2	2	3	41	0.8587
1	1	0	2	1	0	1	0	44	0
1	.	1	1	.	1	2	0	45	0
2	0	2	2	0	3	3	0	47	1.1663
2	2	2	2	2	3	3	3	49	0
2	3	3	3	3	3	1	3	49	0.7054
2	.	.	2	.	.	.	0	51	0.3768
2	2	2	2	3	1	2	3	52	0.4024
1	2	2	2	1	2	3	0	52	0.5582
1	3	0	3	3	.	3	3	53	1.6793
1	1	1	1	0	3	0	2	55	0.6451
1	1	0	1	1	0	0	0	57	0.57
2	0	2	2	2	1	2	3	59	0.5424
1	.	2	3	3	3	.	3	64	0.6667
1	1	2	3	.	2	3	0	65	0.7266
2	0	2	0	2	0	1	0	66	0.9224
2	2	3	3	3	2	2	3	66	0
1	.	1	.	0	.	0	3	67	0
2	0	2	0	0	3	0	0	71	0.5786
1	1	0	3	1	0	3	2	72	0.63
2	0	2	2	0	0	1	2	72	0
2	3	1	3	1	1	3	0	75	1.9884
1	2	0	1	1	3	3	0	76	1.1299
2	2	1	0	0	2	1	0	77	0.4129
2	1	2	2	2	1	.	0	79	1.0556
2	0	2	2	0	1	0	0	80	0.7895
1	0	.	.	.	1	1	0	81	2.3834
2	.	.	.	.	.	.	3	82	1.6736
1	1	3	3	3	0	0	0	82	0.7835
2	3	1	1	0	1	1	3	83	0.9962
1	1	1	0	1	0	3	0	83	1.3211
1	0	3	0	1	1	3	3	84	1.6329
1	0	2	1	1	1	3	3	86	4.6745
1	1	0	1	1	3	2	3	87	0.4063
2	1	2	0	2	0	.	0	88	0
2	0	0	3	3	2	3	3	89	0
2	2	1	2	2	3	0	3	92	0.3998
2	3	3	3	3	1	2	3	94	0
2	1	1	3	2	2	2	3	96	0.8091
1	2	2	3	3	.	3	0	98	1.0079
1	.	.	0	1	1	0	0	99	0.8367
2	1	.	2	0	0	1	3	100	0.3375
2	2	2	2	1	1	0	0	2	0.7589
2	3	1	3	0	2	2	2	2	0.5751
2	2	2	1	2	1	1	1	3	0.826
1	2	2	1	2	1	0	3	5	0.4225
1	.	0	0	0	0	.	0	7	2.8206
1	1	2	0	0	2	2	0	9	0.8316
1	0	1	0	0	3	3	2	14	0.7925
2	3	3	1	3	3	3	3	14	0
2	1	2	3	2	2	1	0	15	0.5501
1	1	2	1	2	0	0	0	18	0.8382
1	3	.	0	0	.	3	0	19	0.6685
2	1	2	3	3	3	3	0	24	1.6343
2	2	1	2	1	3	2	3	25	1.2727
1	1	0	.	1	.	1	0	26	0.8301
1	0	1	1	1	1	2	2	27	1.2808
1	1	0	2	0	1	2	0	27	0.8376
1	2	0	3	0	2	3	2	29	1.0488
1	1	1	1	1	2	2	0	29	1.3159
1	3	1	2	3	3	3	0	30	2.8027
2	.	.	.	.	.	.	0	34	0.771
1	.	.	2	2	.	2	0	35	0
2	.	3	2	1	1	.	0	36	0.7205
1	2	0	2	2	2	3	0	39	0
1	3	1	3	3	3	3	0	40	0.4418
1	.	.	1	0	0	1	0	40	0.7566
1	0	0	.	0	0	0	0	42	0.3749
2	0	1	3	3	.	.	0	43	0
2	0	0	1	.	0	1	0	43	0.5986
1	0	1	1	0	1	2	0	45	0
1	0	2	2	2	0	2	2	46	0.3592
1	1	1	1	0	1	.	0	47	0.4949
2	.	2	1	2	2	.	3	48	1.2005
2	3	3	3	3	1	3	3	49	1.4602
1	.	.	.	3	3	3	0	50	0.8711
2	2	1	3	3	1	2	2	52	1.3891
2	1	2	0	2	2	3	0	52	0
2	2	1	3	1	1	0	3	53	1.5873
2	2	1	2	2	2	0	2	53	0.8332
2	3	3	3	3	3	1	3	54	0.4862
1	2	1	2	.	.	1	1	54	1.5159
1	1	1	2	1	0	2	2	60	0.818
2	0	1	2	1	3	0	3	64	0.6182
1	0	0	0	0	0	3	0	64	0.9539
2	1	.	2	1	0	.	0	67	0.385
2	2	3	3	3	3	3	3	68	0.8847
2	2	2	3	2	0	1	2	69	0.6663
1	3	3	3	3	3	2	2	70	1.0186
1	3	3	3	3	0	3	3	70	0.4286
1	1	1	0	3	1	3	3	71	2.053
2	1	3	3	3	3	3	3	73	1.162
2	2	3	1	3	3	3	3	75	0.8011
2	0	1	2	2	1	1	2	77	1.123
1	1	.	1	0	.	3	0	78	0.8032
1	3	2	2	2	2	2	0	78	0.3429
1	3	3	3	3	3	3	3	79	1.6739
2	2	1	1	1	3	1	0	79	0.6249
2	1	1	1	2	0	2	0	80	0.4337
2	0	1	2	2	2	0	2	82	0.4862
1	0	0	3	.	2	3	0	83	2.3228
1	1	2	2	3	3	3	2	84	0.8014
2	2	0	1	2	0	2	2	86	0.9796
1	.	.	.	.	.	.	0	87	0
1	2	3	3	2	3	3	2	88	0.3464
1	.	3	3	.	3	3	3	89	1.5491
2	0	0	1	1	0	0	0	92	0.5375
2	3	3	3	3	3	3	3	94	1.6516
1	1	1	1	.	0	0	3	95	0
2	1	3	3	3	3	.	3	98	1.3542
1	1	1	3	0	1	1	0	99	0.9981
1	1	0	2	1	0	3	0	1	0.8394
1	1	1	3	2	2	0	0	5	1.4585
1	0	1	1	0	0	2	3	8	0.5599
1	0	1	0	1	1	0	1	10	0.5331
2	1	2	3	2	0	2	0	15	0
2	3	0	0	0	3	0	3	16	0
1	1	1	1	1	0	2	1	17	0.7837
1	2	1	1	2	0	3	0	17	0.6567
1	1	0	2	0	1	0	2	18	0
2	2	0	3	2	2	0	3	21	0.8081
2	2	2	3	3	3	3	2	23	1.3566
1	.	0	0	0	0	.	0	29	0
2	3	1	3	2	2	2	3	29	0.8356
1	3	3	3	2	3	3	0	30	1.5595
1	.	.	.	.	.	.	2	31	0
2	1	0	0	0	1	1	3	32	0.413
1	1	1	0	0	0	2	2	33	0.5958
2	0	2	1	0	2	0	0	35	0.6899
2	1	3	0	0	3	.	3	36	0.7508
1	1	1	2	1	1	1	3	40	1.3499
1	2	0	2	0	1	1	2	40	0.6614
1	2	1	3	1	2	3	0	41	0.4862
1	.	.	.	.	3	.	3	43	2.1365
2	.	3	.	1	0	.	2	44	1.0088
1	2	1	2	1	1	1	0	46	0
1	1	1	0	1	3	2	0	47	0.3832
1	1	0	1	1	1	3	1	48	0
2	3	2	3	3	3	1	3	49	0.854
1	.	.	.	3	.	.	0	50	2.534
2	0	1	0	0	1	0	2	53	0.7411
1	0	2	0	1	0	1	0	56	0.4074
1	1	0	1	2	3	3	3	57	0.4914
1	2	1	2	2	2	2	3	59	0.3522
1	.	.	.	3	.	.	0	61	1.8465
1	.	2	2	.	1	1	3	62	0.7465
1	2	1	3	3	0	3	2	63	1.6757
1	.	0	0	0	3	0	0	63	1.5671
1	1	2	0	3	3	2	2	65	0
2	1	.	1	2	1	1	0	66	0.3611
2	2	0	2	2	2	2	3	67	0.6398
1	1	.	2	3	3	3	3	68	0.5723
2	.	0	1	.	.	.	0	69	0.7116
1	2	.	3	3	3	3	3	69	0.7575
2	2	1	2	2	3	0	3	71	0.9853
2	3	3	2	0	0	3	3	73	0.7895
1	2	1	0	2	3	3	3	74	0.8545
1	2	2	1	3	3	2	0	74	0
2	2	2	3	2	2	1	2	75	1.2253
1	3	3	2	.	2	.	0	76	1.0123
1	.	1	3	0	.	0	0	77	0
2	2	1	3	2	1	1	0	79	0.7463
2	2	0	2	2	2	2	2	80	2.7905
2	1	.	.	0	0	.	3	82	2.9519
1	.	1	0	0	1	0	0	84	0
2	0	2	2	.	.	3	0	84	1.2607
1	0	0	1	2	.	0	0	85	0
2	3	3	3	2	3	3	1	86	0.8404
1	3	2	0	0	0	1	0	89	0.505
1	0	1	2	0	0	.	2	90	1.7201
2	.	.	.	.	2	3	0	91	0
2	1	1	2	2	0	0	0	92	0.8314
2	3	3	3	3	3	2	3	94	1.5681
1	1	3	0	2	3	3	2	95	2.7092
2	.	.	.	0	3	0	2	96	1.525
1	3	0	3	3	3	3	3	97	3.3012
1	3	3	0	0	0	3	0	99	0.5971
1	1	1	0	2	1	1	2	100	0.7631
2	1	0	1	1	2	2	3	5	0.3922
1	3	0	2	1	3	2	0	5	0.356
1	0	1	1	1	2	2	2	6	2.8884
2	2	3	3	2	3	1	3	10	0.6546
1	0	2	3	2	2	3	0	10	0.3838
1	3	3	.	3	1	3	0	11	0.6638
2	1	3	1	3	3	2	0	11	0.6249
2	1	3	2	2	2	2	0	14	0
1	0	0	2	1	0	0	0	15	0.9021
1	0	1	2	0	1	2	0	15	0.7059
2	2	0	1	2	3	1	3	17	0.3658
1	2	1	2	2	2	2	0	18	0
2	3	3	3	3	3	3	3	19	0
1	.	.	1	0	1	.	0	20	0.8779
2	2	1	3	3	3	3	3	21	0.7318
1	0	0	0	0	0	.	3	21	0.9745
2	3	3	3	3	3	3	3	22	1.0948
2	3	3	3	1	.	.	3	24	0.5433
1	2	1	3	2	2	3	0	25	0.803
2	.	1	0	.	1	1	2	27	0
1	1	0	2	1	1	1	1	28	0
1	0	.	0	0	.	1	0	29	0
2	2	2	3	2	2	2	2	31	0
2	1	0	1	1	0	1	3	36	0.803
1	1	1	3	3	3	1	3	36	0.7446
2	3	3	0	3	2	0	2	37	1.0275
2	.	.	2	.	2	2	0	37	0
1	.	.	.	3	.	3	3	38	4.9185
1	2	2	3	2	1	3	3	40	0
1	0	0	0	0	0	0	0	42	0.8343
1	1	2	3	1	3	3	0	43	1.6003
1	1	2	2	2	2	0	3	45	1.1222
1	0	0	0	0	0	0	3	45	0.5661
1	.	2	2	2	3	3	2	48	0.3464
2	.	0	3	3	2	0	0	50	0.8228
1	.	.	.	2	0	.	1	51	2.2042
1	1	2	2	0	2	.	3	52	0.7875
1	0	0	3	0	0	3	2	52	0.4329
2	1	.	3	1	2	.	3	55	0.8868
1	2	2	1	0	0	3	2	56	0.9261
2	3	3	3	3	3	3	0	58	0
2	.	0	0	0	0	0	0	59	2.0023
2	2	3	2	3	2	2	0	61	0.7415
1	2	0	3	.	3	2	3	64	0.7205
1	2	0	0	0	3	3	0	64	1.4587
2	0	0	0	2	3	0	0	65	0.4679
1	0	2	3	2	0	3	3	66	0.7508
2	2	1	1	3	3	2	3	67	1.446
1	1	1	1	1	1	2	0	68	0
2	0	0	.	2	1	1	0	68	0
1	2	2	0	2	0	2	2	72	0
1	2	3	2	2	2	2	3	72	1.161
1	.	.	.	3	1	3	0	73	1.4051
1	2	.	.	0	3	.	3	75	2.0248
2	2	1	1	0	0	0	1	76	2.0283
1	0	0	0	0	0	.	2	77	0.9119
2	2	3	2	2	1	3	3	78	0.6285
2	1	0	2	1	0	0	1	81	0.7095
2	.	1	3	2	.	.	0	82	0.8956
2	1	2	1	2	2	3	0	82	0.5639
1	1	3	0	1	0	1	0	84	0.3335
1	2	1	0	3	1	1	3	85	0.4129
1	2	.	3	2	.	3	3	87	0.6941
2	2	3	3	1	1	3	3	89	0.4233
2	1	2	2	1	2	1	3	90	0
2	3	2	3	3	3	0	3	92	0.7464
2	3	3	3	3	3	1	3	92	0.8007
2	3	.	.	3	2	2	0	93	0.5824
2	3	2	3	3	3	3	3	94	0.4316
1	0	1	.	2	2	3	2	96	1.6459
1	0	3	1	0	3	3	3	98	1.1948
1	1	1	1	3	3	0	3	98	0
2	0	3	3	3	3	0	3	100	2.1464
2	2	2	0	3	3	3	3	1	0.8545
2	2	1	2	2	3	0	3	4	0.9058
1	1	1	1	1	3	3	3	5	0.3581
1	0	0	2	0	0	0	0	6	0.3707
1	0	1	0	0	0	0	0	7	0.3764
2	1	0	0	1	3	1	3	8	0.7444
1	2	3	0	1	3	3	3	10	0.5824
2	.	2	1	2	0	.	0	10	0
2	2	0	1	1	0	.	0	13	1.6156
1	0	2	3	0	0	1	2	14	0.9539
2	1	2	1	2	1	1	2	15	1.413
2	1	2	2	.	3	.	0	17	1.5641
2	1	1	0	0	0	1	0	18	0
2	2	3	3	2	3	2	0	19	0
1	0	2	3	0	1	3	0	23	0.907
2	3	3	2	3	3	3	3	24	0.3517
2	0	1	1	1	1	2	0	24	0.8677
2	.	.	0	2	2	3	3	26	2.2974
1	2	0	.	2	2	1	0	29	0.3324
2	3	0	.	0	0	.	0	29	1.4303
1	3	0	3	3	3	3	3	30	1.8367
2	1	1	1	2	0	0	0	31	0.9119
1	1	0	3	2	2	3	2	32	0.767
2	2	1	2	2	1	0	2	35	0.5042
1	2	2	1	1	1	2	0	36	0.7477
1	1	1	0	1	0	.	0	37	2.2224
2	3	3	0	3	3	3	0	39	3.9059
2	1	1	1	2	0	1	2	40	1.9162
1	1	1	2	1	1	2	2	41	0.8851
1	2	3	3	3	2	3	3	41	1.1378
1	0	1	0	.	3	1	3	42	0
1	3	0	3	0	3	3	3	47	0.5971
2	0	1	2	0	0	2	0	48	0
2	1	0	0	3	3	3	0	52	0.8854
2	1	1	1	1	0	0	0	52	1.9284
2	2	1	2	2	3	1	1	55	1.6212
2	2	2	1	2	3	0	3	56	0.6182
2	.	.	0	.	1	.	0	57	0
2	2	1	3	3	3	1	0	59	0.6309
2	3	.	3	3	.	.	3	60	0.7392
2	.	.	2	1	2	.	2	63	0.7121
1	2	0	2	0	0	2	2	65	0.3524
2	.	.	.	0	0	.	2	66	0.6685
1	1	0	3	1	2	3	2	68	1.4879
2	3	2	3	2	0	2	0	72	0.6129
2	2	1	2	0	2	0	2	73	0.9224
1	1	0	3	3	3	0	3	74	1.3272
2	3	1	3	3	3	2	3	75	0.7266
2	2	1	2	1	1	1	3	75	0.8251
2	2	2	3	3	2	0	2	76	0.8897
1	0	0	3	2	2	2	3	77	0
1	1	3	2	1	2	2	2	77	0.3464
2	2	1	3	.	1	.	0	78	0.6883
1	1	1	3	0	0	1	1	81	0.8368
1	3	0	3	1	1	3	2	84	0.6502
2	.	.	3	3	1	3	3	85	0.6678
2	.	.	3	1	.	.	0	86	0.5958
2	1	2	0	2	2	1	3	87	1.3471
1	1	1	3	2	2	3	1	89	0.4884
1	2	1	1	3	1	3	1	90	0.803
2	3	1	2	2	2	0	0	90	0
1	0	0	0	1	.	1	0	91	0.764
1	1	1	3	2	1	2	2	94	1.568
2	2	2	3	1	3	1	3	95	0
1	1	1	0	.	.	1	2	95	0.7724
2	3	1	3	2	2	1	3	96	0.771
1	1	1	1	.	.	.	0	96	0.674
1	3	3	3	3	3	3	0	99	0.9023
2	2	1	3	3	3	0	2	5	0.9418
2	2	1	2	2	3	0	0	6	0.9539
2	2	1	3	1	1	1	3	7	0.3989
1	3	0	3	2	3	3	2	8	0.4098
1	2	0	0	0	0	2	0	9	0.3678
2	3	2	3	3	3	0	3	11	0.8911
2	1	0	2	3	3	1	2	12	0
1	0	0	1	1	0	1	3	13	0.7885
2	1	2	.	.	0	1	3	14	0.8306
2	2	1	2	0	0	1	0	14	0.8378
2	0	1	1	1	3	3	2	16	0
2	2	0	2	0	3	2	3	18	1.0904
2	2	1	1	2	3	0	3	18	0.4396
2	2	0	.	2	2	3	3	19	1.1654
2	3	1	3	3	3	3	3	19	1.4921
2	1	2	1	2	2	0	3	20	0.3866
2	2	1	3	2	2	1	0	21	0.8376
1	2	0	3	1	2	3	3	21	1.19
2	0	0	0	2	3	1	0	24	0.9755
1	0	2	3	0	2	0	0	24	1.2555
2	3	3	1	.	.	.	0	25	0
2	3	3	3	2	3	.	0	29	1.6929
2	2	1	2	1	3	.	0	31	1.4657
2	1	1	3	3	3	3	3	32	0
1	1	1	0	1	0	1	0	32	1.1106
1	.	1	0	1	1	0	2	34	0.4891
2	1	3	0	0	3	1	0	35	0.8273
1	2	1	2	1	2	1	3	36	0
1	1	0	3	3	2	3	0	38	0.2987
2	2	3	.	0	3	0	2	38	1.2332
1	2	0	2	2	2	1	0	39	0.6138
2	1	1	0	1	0	1	2	39	0.9988
1	0	1	0	1	2	1	2	41	0
1	0	2	0	.	0	.	0	43	0
1	3	3	3	3	2	3	2	43	0.8417
1	2	0	2	2	1	.	1	48	0.4213
1	1	2	1	1	2	2	1	51	1.6355
1	0	1	2	1	0	1	0	52	0
1	3	3	3	0	3	3	3	53	0
2	1	3	1	0	1	3	2	56	0.6614
1	.	1	.	.	.	.	0	56	1.6193
1	1	0	0	0	0	0	0	58	0.8337
1	.	1	0	0	.	0	3	58	0.4238
1	2	2	3	2	1	2	0	61	1.2239
2	1	2	2	2	1	0	3	63	0.7444
1	1	1	0	1	1	1	2	64	0.9677
1	1	2	2	0	2	2	3	66	0.5289
2	0	1	3	1	3	3	2	69	0.5888
1	1	1	3	1	1	2	3	70	0.9224
2	2	2	2	2	1	2	0	71	0.8337
1	0	2	1	1	1	2	1	72	0.8356
2	1	3	3	2	0	1	3	76	0.7589
1	1	0	0	0	1	0	2	77	0.2873
2	2	1	3	1	3	3	2	78	0.8025
2	0	3	3	3	3	3	0	80	0.3707
1	0	1	1	2	1	3	2	82	0.3518
1	1	1	2	1	1	3	2	85	1.8316
1	1	0	3	0	1	1	0	86	0.8739
2	1	1	2	2	0	2	3	87	0
2	1	.	2	0	2	2	0	87	2.5881
2	1	2	0	1	0	2	2	88	1.151
1	.	2	.	2	2	3	2	90	0.3858
2	2	2	2	2	1	2	3	90	0.3335
1	2	1	0	3	0	0	0	91	0.4493
1	2	.	.	.	.	.	0	91	0
1	2	3	.	3	3	3	0	92	0.3653
2	1	2	3	3	3	3	2	92	0.6263
1	3	3	3	2	1	3	3	93	0.383
2	3	2	2	3	3	2	3	93	1.4371
2	1	2	3	2	1	1	3	94	0.5826
2	2	3	3	3	3	2	0	94	0.6219
1	1	3	3	1	2	3	0	96	2.1534
1	2	1	3	3	2	3	3	97	1.5987
1	3	3	3	3	3	3	2	99	3.6063
2	1	1	1	3	2	.	3	99	1.3135
2	.	3	.	.	.	.	0	1	0.758
2	3	2	3	2	2	3	2	2	0.5869
2	.	2	3	0	1	.	3	3	0.9284
2	0	0	3	1	3	1	3	4	0.771
2	2	2	3	3	3	0	3	5	0.7517
1	2	1	0	1	2	1	3	5	0.5787
1	1	0	3	3	2	3	2	6	0.34
1	3	1	3	3	3	3	0	7	0.7273
1	3	0	3	0	0	1	0	9	0.655
1	0	2	1	0	0	2	1	11	0.3858
1	2	2	2	3	2	3	2	12	0
2	1	0	3	3	3	3	3	13	1.0608
1	.	.	3	3	3	3	3	15	0.8216
2	2	1	.	3	1	.	3	16	2.0794
1	1	1	.	2	0	0	3	18	0.6015
2	2	1	2	1	0	1	3	19	0.3701
2	0	2	3	3	3	1	3	20	1.6845
1	0	0	1	1	0	0	0	21	0.6182
2	3	2	0	1	2	1	3	25	3.6937
1	0	1	0	3	2	1	3	27	0.3892
1	0	1	0	2	3	0	3	32	0.6685
2	1	1	.	3	3	.	0	33	0
1	0	1	1	1	1	2	0	35	0
1	2	.	1	.	.	.	2	39	1.6466
2	1	1	.	3	.	2	3	43	0.682
2	0	0	0	0	0	0	0	44	0.8217
1	0	.	0	.	1	1	0	47	0.6147
1	0	1	1	.	0	3	2	49	0
1	.	.	.	0	1	.	0	50	0
2	2	3	2	1	3	.	0	50	0.7183
1	1	0	3	1	1	1	0	52	0
1	1	1	3	1	2	3	0	53	1.4072
2	0	.	0	.	3	.	2	53	0.7273
2	0	1	3	1	2	0	0	55	1.1789
1	3	3	3	3	0	3	0	58	1.8424
2	0	2	3	2	.	0	3	58	1.0997
1	.	0	0	1	3	0	3	62	0
1	1	0	3	1	1	2	0	66	0.9119
2	.	0	0	1	3	0	3	67	0.3862
1	1	0	2	3	3	3	0	68	0.6896
1	3	.	2	0	3	1	1	70	1.3179
2	3	1	3	3	1	3	3	73	0
1	.	3	.	1	1	0	3	74	0
2	.	.	2	3	3	3	0	74	0.6585
2	3	2	3	2	2	1	3	75	1.4439
2	2	2	.	2	2	2	3	76	1.0344
2	1	2	1	1	1	1	3	78	0.6451
2	1	3	2	1	0	1	2	79	1.2468
1	3	0	2	2	1	2	0	79	0
1	3	2	3	3	3	3	3	80	0.7325
2	0	1	0	1	0	.	0	81	0
1	1	0	3	.	1	2	0	86	0
1	0	3	1	2	2	3	3	87	0.3048
2	0	0	0	0	2	1	2	87	0.9296
1	1	2	1	2	0	2	3	90	0.7266
2	0	1	0	1	3	2	2	91	4.1358
1	3	1	3	2	2	3	2	96	0.8382
2	0	3	1	2	3	3	3	97	1.9407
2	1	3	1	3	1	3	3	99	0.6249
2	2	1	3	2	2	.	1	99	0.6138
1	1	1	2	1	0	2	2	2	0.4977
2	2	0	3	0	3	0	3	4	0.4245
2	1	3	3	1	0	3	2	4	0.6249
2	1	0	.	2	0	1	0	6	0.6138
1	1	2	3	1	0	2	2	6	0.3609
1	.	.	.	.	.	.	0	8	1.1971
2	2	3	2	1	1	2	0	11	1.5479
1	1	0	1	2	2	1	3	12	0.3474
2	3	1	1	3	2	1	3	14	0.4337
2	1	2	2	1	2	0	3	15	0.9189
1	3	1	3	1	2	3	3	15	0.7481
1	0	0	0	1	2	2	0	16	0.7419
1	1	.	1	0	3	.	3	17	0.4995
2	0	2	0	2	1	0	0	18	1.4596
1	0	0	2	1	.	1	0	18	0
1	.	.	.	.	.	.	0	20	0.5312
1	.	1	0	1	0	2	3	21	3.1517
1	1	1	2	3	0	3	3	25	1.272
1	3	1	0	0	3	3	3	25	0.3749
1	0	2	3	1	0	3	0	28	0.3321
1	1	0	2	1	3	3	3	29	0.5255
1	3	1	3	1	3	3	3	30	0
1	.	.	.	1	3	3	3	30	1.1863
1	1	1	3	1	0	0	0	31	0
2	.	0	2	.	2	3	3	31	0.7071
2	1	0	1	1	1	1	1	34	0.5976
1	1	2	3	1	1	3	2	36	1.2334
1	1	0	1	1	1	2	0	37	0.7821
2	3	0	1	3	3	1	3	38	0
1	2	0	0	1	1	2	1	38	0.344
2	2	1	2	3	2	2	2	42	0.5374
1	1	1	1	1	1	2	1	44	0.8032
1	.	1	2	0	0	0	0	46	0
1	1	1	2	1	.	1	1	48	0.3551
2	3	1	3	3	3	0	3	51	0.7266
2	0	0	0	1	0	3	0	53	0.4286
2	2	1	2	1	2	2	3	55	3.7649
2	2	1	0	2	1	1	2	56	0.6129
1	1	3	2	0	1	1	3	58	0.8677
2	3	3	3	3	3	3	3	59	0
2	0	0	0	0	0	1	3	60	0
2	3	1	3	1	3	3	1	60	1.1569
1	1	2	3	2	1	3	2	61	0.9117
2	2	2	2	0	1	2	2	62	0
1	.	.	.	.	.	.	0	62	0.521
1	0	0	0	2	2	2	2	63	0
2	2	2	3	3	3	1	3	66	0.3279
2	1	1	1	1	2	1	2	70	0.8092
2	3	3	2	0	3	.	3	72	0.7767
2	3	1	2	1	2	1	3	75	0
1	0	0	1	0	0	2	1	75	0.3476
1	2	1	2	1	2	2	0	79	0.5958
1	0	2	3	1	0	1	3	80	0.3349
1	2	2	0	2	1	0	0	86	0
2	3	2	2	3	3	2	3	86	0.8707
1	1	2	1	2	2	1	2	87	1.3542
2	1	0	1	0	.	3	2	88	0.8482
1	2	1	1	0	1	2	3	89	0.5556
1	1	3	0	3	2	1	2	91	1.5595
1	1	1	1	1	1	1	3	93	2.676
1	0	1	.	2	3	3	0	95	1.3292
2	0	1	3	.	3	1	2	96	0
1	3	3	3	1	3	3	3	97	5.5192
1	3	2	0	3	3	2	0	99	0.9858
1	1	1	0	0	0	0	2	99	0
1	.	.	.	.	.	.	0	1	0.3231
2	1	0	1	2	2	1	0	1	0
2	.	1	2	.	2	0	2	2	0.3552
2	2	0	3	2	.	2	3	6	0
1	.	.	2	2	2	3	0	7	2.2253
2	3	.	3	3	0	.	0	8	0.6411
1	1	2	0	0	1	1	3	9	0
1	.	2	.	.	.	.	2	10	0.6537
1	0	0	0	1	2	2	3	15	0
2	2	2	0	2	0	1	2	17	0
1	1	1	3	1	.	1	0	18	1.4993
2	0	0	3	2	1	3	0	19	0
2	1	2	2	1	0	1	1	20	0
2	2	3	2	1	1	2	2	21	0.6453
2	0	1	1	0	1	0	2	23	1.134
1	1	2	2	2	3	3	0	24	0.9438
2	2	1	.	0	3	.	3	25	1.3079
2	1	1	2	1	1	2	2	25	1.3416
2	.	1	3	1	3	.	0	26	0.7235
1	.	3	1	1	3	1	3	29	1.7074
2	0	0	1	.	.	1	0	30	0.8301
2	1	3	.	0	0	.	2	32	0.7522
1	1	1	.	2	.	.	0	33	0.3527
2	2	.	.	1	.	.	2	34	0.4891
1	1	1	2	1	1	2	2	34	0.9503
2	0	3	3	3	3	1	0	35	0.7378
1	3	1	3	0	2	2	2	37	0.4648
1	2	1	3	0	3	2	0	39	1.1118
2	2	3	2	2	2	2	3	47	0
2	0	1	2	0	3	1	0	49	0.4076
2	0	2	1	1	1	1	0	50	0.5028
2	0	0	0	1	2	.	3	52	0.7508
2	0	0	3	1	3	2	2	53	0.9224
2	3	1	3	3	3	3	3	55	0
2	3	3	3	3	3	2	3	58	2.246
1	0	2	2	1	1	1	0	59	0.4238
2	.	3	3	.	.	.	0	60	0
2	1	1	1	1	0	0	2	68	0.9515
1	1	.	0	0	0	.	2	69	0.3702
1	2	1	3	2	2	2	3	72	0.8728
1	1	3	3	2	1	3	3	72	0.9445
1	1	0	2	2	2	1	2	73	0.8534
1	1	0	2	0	0	2	0	74	0.4128
2	2	1	3	3	3	3	3	75	0.4258
2	.	.	3	3	3	3	3	75	1.0142
2	2	1	3	2	2	1	0	77	0.7464
2	0	0	1	0	0	1	2	78	0.8242
2	3	3	3	1	1	2	0	79	0.8138
2	2	0	3	2	0	2	1	81	0
2	.	.	3	.	.	3	0	82	1.6885
2	.	.	.	.	.	.	0	82	0
1	0	2	2	1	3	0	3	84	1.5988
2	1	0	2	3	0	2	0	85	0.671
2	1	1	2	2	2	0	3	86	1.8233
1	.	3	3	.	.	.	0	86	0
1	.	.	3	.	.	.	0	87	0.4616
2	1	2	3	3	0	3	0	87	0.3786
1	1	.	.	1	3	.	0	88	0.7084
1	0	1	.	.	3	.	0	90	1.3792
1	1	3	3	1	1	3	0	94	0.4967
2	1	1	3	2	3	2	3	94	0.8301
1	0	1	3	.	0	3	3	95	0.7657
2	0	0	1	2	3	0	2	96	1.6485
1	0	0	2	1	0	2	0	97	2.1187
1	1	1	1	1	1	3	2	98	0.8544
2	1	1	3	0	2	1	2	100	0.4819
1	3	0	3	3	3	3	0	1	3.3842
1	3	3	3	3	.	3	2	2	0.5826
1	.	.	.	2	3	3	0	3	1.5545
1	1	0	1	1	0	1	2	5	0.8422
2	0	0	3	2	0	0	3	5	1.4646
2	3	0	3	2	.	0	2	6	0
1	0	1	1	1	1	1	1	8	0.8462
2	1	1	.	.	.	.	0	10	0
2	2	2	3	2	3	3	1	12	1.6345
1	1	1	0	0	1	2	2	15	1.4744
2	1	2	3	2	2	1	3	17	0.7054
2	.	1	1	2	.	2	0	17	2.7718
1	3	1	3	2	3	3	2	20	0.4418
1	0	0	2	1	1	2	0	21	0.7454
2	2	0	1	3	2	1	0	22	0.5187
1	0	1	1	1	1	1	2	27	0
2	2	0	0	0	1	1	0	27	0.7235
2	2	.	3	1	3	.	3	29	0.7288
2	1	0	1	1	0	0	2	29	0.9677
1	1	0	2	1	2	3	0	30	0.3763
1	0	0	3	1	0	2	1	31	1.0702
2	.	0	.	.	.	.	3	33	2.0863
1	2	2	2	0	0	2	0	34	0.653
2	3	3	3	3	3	0	3	35	0.5299
1	.	.	.	3	.	.	2	36	0
1	2	2	2	1	0	3	3	41	1.4072
2	2	2	3	3	3	3	3	42	0.9284
2	.	1	0	1	2	1	0	43	0.771
1	1	0	.	.	.	.	2	45	0.561
2	.	.	3	2	3	3	2	45	2.5918
2	1	1	2	1	2	0	2	48	0.4862
1	3	1	3	0	.	3	0	49	0
2	2	1	2	1	3	1	3	51	1.823
2	.	1	0	2	2	1	0	52	1.6049
2	0	3	3	3	3	2	3	53	0
2	.	1	3	2	2	1	1	54	0.5989
1	0	0	1	0	3	0	3	55	1.8694
1	1	0	2	0	3	2	3	55	0.6021
2	2	1	1	2	2	0	3	56	0.6218
1	0	0	1	1	.	1	2	58	1.5363
1	1	2	.	2	2	2	0	58	0.8301
1	2	0	0	1	1	3	2	59	0.9988
1	2	0	.	1	2	.	3	61	0.4891
2	0	.	0	1	0	.	0	63	0.7928
1	1	1	1	1	1	1	0	64	0.9011
2	1	1	1	3	3	2	0	65	0
1	2	.	1	1	1	.	0	66	2.1098
2	0	0	3	0	2	.	2	67	0.9445
1	1	1	.	2	0	1	0	70	0
2	1	3	3	2	3	1	3	72	0.8242
2	2	3	1	3	2	2	2	73	0.4063
2	2	.	2	2	2	2	3	80	1.0451
1	1	.	3	1	2	3	0	80	0.7226
2	3	0	3	3	3	.	0	83	1.3532
1	.	3	3	2	3	1	3	83	0
2	1	0	0	1	2	1	3	84	1.1229
1	3	0	0	3	3	0	2	84	0.6499
2	1	2	1	3	3	2	3	87	1.2538
2	3	2	2	2	3	2	2	87	2.3824
2	2	3	3	3	2	1	3	90	0.6517
2	3	.	.	.	.	.	0	92	3.6176
2	1	1	2	2	0	1	0	94	1.152
1	2	2	3	2	2	3	0	96	0.7235
1	1	1	3	.	.	3	0	96	0.8397
1	1	2	1	1	3	3	0	99	0.6448
2	2	.	1	.	3	1	3	99	0
2	3	3	3	3	3	3	2	2	0.8475
1	0	1	0	1	0	1	0	3	0.7687
2	0	2	3	3	3	0	3	6	0.8072
1	1	.	.	.	.	.	3	7	1.2311
2	2	1	3	2	1	2	3	8	1.0054
1	.	0	.	.	.	1	0	10	0.788
1	0	.	1	0	0	1	0	14	0.7216
1	1	1	.	1	1	2	1	15	0
2	3	2	3	3	3	2	3	15	0.5187
2	1	1	3	1	1	1	1	16	1.2353
1	3	1	1	2	3	1	3	17	1.2836
1	.	3	0	0	3	0	1	18	3.0118
2	1	3	1	2	3	0	3	19	1.0107
1	.	.	1	.	0	0	3	20	0
2	2	1	2	2	2	.	3	23	0.8471
1	0	0	3	1	1	2	2	24	0.4619
2	0	0	1	0	0	0	2	26	0.6601
1	1	0	2	0	0	3	0	28	0.4397
1	1	2	2	2	0	2	3	28	0.7226
2	0	0	2	2	0	0	0	37	0
1	3	2	3	2	2	3	0	40	0.4043
1	.	0	0	.	0	0	3	41	0.3532
2	0	1	1	3	3	3	3	43	0.9284
1	1	0	1	1	0	1	2	44	2.3495
1	1	2	2	0	2	1	2	46	0
2	3	3	3	3	.	.	3	48	2.894
2	3	3	3	3	3	2	3	55	0.9677
2	2	1	1	1	3	3	3	55	1.798
2	3	0	3	3	3	0	0	56	1.5415
1	3	3	3	3	3	3	3	57	0.3488
2	2	1	2	2	3	0	2	57	1.4002
2	0	1	1	2	1	3	3	58	0
2	3	2	1	3	3	.	3	59	0.5021
1	1	3	2	0	2	2	0	61	0.9593
1	3	1	2	1	2	1	0	63	0.7226
1	2	2	3	1	3	3	3	63	0.7397
1	1	1	2	1	0	1	2	65	1.6185
2	1	0	1	1	2	0	0	65	1.1599
1	1	2	1	3	2	1	1	66	0.8273
1	.	.	1	0	3	2	3	69	0.8232
1	.	.	.	.	.	.	0	71	0.4548
1	0	0	1	0	1	2	0	72	0.8927
1	1	1	2	1	1	1	1	74	0.8833
2	1	1	.	0	0	3	3	75	0.8447
2	1	0	1	2	0	0	2	75	0.6525
2	2	3	2	.	1	3	0	76	0
1	0	3	3	2	2	2	2	77	0.8833
2	3	2	3	3	3	2	3	80	0.7211
2	1	2	2	1	0	1	2	81	3.0086
2	2	2	3	1	2	2	2	83	0.731
1	2	3	0	2	2	0	3	83	0
1	3	2	.	3	3	3	0	84	0.4854
1	0	0	3	1	1	3	1	87	1.3471
2	3	0	3	3	1	3	3	87	0.8545
1	1	1	1	0	0	0	0	88	0.8679
2	2	3	2	3	2	0	3	89	0.5021
2	0	2	1	2	2	2	2	92	0
1	.	3	3	3	3	.	0	94	0
2	2	1	3	2	2	1	3	94	0.7792
1	1	1	.	1	1	1	2	97	0.8771
1	1	1	1	1	1	1	1	99	0
2	1	2	1	0	2	0	1	1	0.6182
1	0	1	3	3	3	3	0	2	0
1	0	0	2	1	3	3	3	3	0
2	1	0	.	1	1	1	2	6	1.3921
1	3	0	3	2	3	3	3	7	0
1	.	0	.	2	2	.	0	8	0
2	2	1	1	2	2	3	3	9	0
2	3	0	3	2	0	3	3	10	1.9849
1	1	2	0	0	2	2	3	12	1.9849
1	0	0	0	1	3	0	3	13	0
2	0	2	0	.	3	.	1	13	0.8779
1	2	0	3	1	0	1	2	14	0.8664
1	2	2	.	1	1	1	0	15	1.3446
2	2	1	2	1	2	2	3	18	0
2	3	1	3	0	0	1	0	19	0.7545
1	1	1	1	1	0	2	3	19	0.8319
2	3	0	3	3	3	0	3	21	0.9
1	3	0	3	3	3	3	3	24	1.0599
1	3	2	2	2	3	3	3	25	1.1592
1	3	0	2	1	3	1	2	28	1.6084
1	3	2	3	3	3	3	3	30	0.6525
1	1	2	2	1	1	2	2	32	0.5993
1	1	.	.	.	.	.	0	35	1.6736
1	1	0	0	0	3	0	2	36	0.6471
1	.	.	.	.	3	1	0	37	2.2004
1	0	1	0	1	2	0	3	38	0.7226
2	1	0	2	2	1	0	3	40	0.3916
1	0	2	2	1	.	.	2	40	0.9117
1	1	1	3	.	2	1	3	41	0.5663
2	.	.	2	.	3	.	0	42	1.6474
2	2	1	3	0	2	3	0	45	0
1	2	3	3	2	2	2	2	46	1.4072
2	1	2	2	3	3	0	3	47	0
1	1	1	2	1	1	2	0	47	0.8466
1	3	3	3	1	3	3	1	48	2.7047
1	.	0	.	.	.	.	2	49	0.3407
2	2	1	2	3	1	1	2	50	1.0425
2	1	1	2	1	2	2	3	50	1.0488
1	.	0	1	0	0	1	0	57	2.0095
2	3	.	2	.	2	3	0	61	2.9328
1	2	2	0	3	1	1	0	62	2.3228
2	2	3	3	3	2	2	2	62	1.1092
1	3	3	0	1	0	0	3	63	3.6109
2	1	3	0	2	1	1	0	63	0.3828
2	1	1	2	1	2	2	2	64	1.8762
2	1	1	2	1	.	0	2	66	0.3751
1	1	2	1	2	1	0	0	67	0.9798
2	1	2	1	1	2	2	3	67	1.2987
1	2	2	3	1	0	3	0	68	0.7052
1	3	1	3	1	3	3	1	69	0
2	2	1	0	2	1	1	0	71	0.8032
2	2	2	1	3	2	2	1	73	0.6182
1	2	2	0	0	0	3	3	73	0.4128
1	0	0	1	0	1	3	0	76	0.7607
2	3	0	3	3	3	2	3	77	0.3658
2	3	3	2	3	3	1	2	84	1.2937
1	2	3	2	2	2	3	2	84	1.7221
1	0	1	2	2	0	.	2	85	1.8174
1	.	.	.	.	.	.	0	86	1.5983
2	1	2	1	2	3	0	0	87	0.8046
2	0	0	0	1	1	2	1	88	1.3723
1	2	1	2	2	1	1	0	89	0
1	0	1	2	2	0	3	3	89	0.8401
1	1	0	1	2	2	1	3	90	0
1	1	3	0	.	0	3	3	91	2.8763
1	0	1	1	0	1	1	0	92	0.8553
2	1	3	3	3	2	.	3	93	1.0418
1	3	3	.	2	3	3	3	94	0.8551
1	0	1	.	0	.	.	0	97	0.4198
1	2	2	1	1	0	3	0	98	0.8758
2	0	1	1	0	0	0	3	98	0.7128
2	3	0	3	3	2	0	3	100	0.3801
2	3	2	3	3	3	3	3	8	1.4699
1	0	3	2	2	1	.	1	8	0.4426
2	2	1	1	0	2	0	0	9	0.3146
1	.	.	0	2	3	.	2	9	0.8294
1	1	1	1	0	1	1	3	10	0.525
1	1	1	1	2	0	2	1	11	0
1	3	0	3	0	1	1	0	11	0.75
1	0	2	1	1	0	1	0	12	0.6285
2	2	2	1	0	2	3	2	13	0.6846
1	0	0	3	1	1	2	1	14	0.9835
2	0	1	0	0	0	1	0	15	0.6651
1	1	0	0	0	0	2	0	17	0.8203
2	1	3	2	3	3	1	3	18	0.7663
1	0	0	2	2	1	3	3	19	0
2	2	0	3	3	3	2	1	19	0.7226
1	2	0	3	2	1	3	3	20	0.7319
2	1	3	2	0	3	2	3	24	0
2	3	0	0	0	0	0	3	25	0.8376
1	1	1	3	2	0	3	0	25	0.6666
1	.	.	.	.	.	.	1	28	0.7266
1	2	3	3	2	2	3	2	30	0.8461
2	.	.	.	2	2	0	2	31	0.771
1	.	0	0	3	2	0	2	33	0
2	3	3	3	3	3	2	3	34	0
1	.	.	.	.	.	.	0	34	0
2	.	2	0	3	3	2	3	35	0.7049
2	3	.	3	0	3	0	0	37	0.8466
1	1	1	0	0	3	2	0	37	1.4864
1	0	0	1	0	0	3	0	38	0.9809
1	2	3	0	0	1	2	2	38	1.3199
2	3	2	3	3	3	0	0	39	0.9026
1	2	2	3	3	2	3	3	42	1.9377
1	0	0	3	0	0	3	0	42	0.6981
1	1	.	1	.	2	2	0	43	0.8079
1	2	0	3	1	1	2	3	48	1.339
1	0	0	2	0	0	1	1	49	0.6183
1	3	1	2	1	3	3	3	50	0.6015
2	0	.	.	.	0	3	0	51	1.4921
1	0	0	0	.	.	3	3	51	4.1176
1	1	0	1	2	2	2	0	52	0.644
2	1	0	1	0	1	1	2	53	0
2	1	2	0	0	1	1	0	53	0.5836
2	.	.	.	2	.	.	0	54	0.4301
1	3	2	3	2	1	3	2	55	0.7349
2	1	0	3	2	1	2	0	56	1.2845
2	1	2	1	1	2	.	0	59	1.3542
1	1	0	1	2	2	3	0	60	1.5758
1	.	1	3	0	1	.	0	61	0
1	3	0	0	0	.	0	0	66	2.0439
2	0	2	2	1	2	0	3	71	0.6461
1	3	0	.	.	.	.	0	73	2.5181
1	1	0	2	.	3	1	0	74	0.4302
2	0	1	1	0	1	0	2	74	2.0058
1	2	1	1	0	1	3	0	78	0.3701
1	3	1	3	3	3	0	3	79	3.0354
1	1	1	2	1	1	0	0	79	0.3646
2	2	1	1	0	2	1	2	80	0.4303
2	2	1	2	2	2	.	2	80	0
2	3	2	3	3	3	3	3	81	0.8725
1	1	0	3	1	3	3	3	83	0.8138
2	2	3	3	3	3	3	2	84	1.4511
2	2	1	2	2	2	1	3	84	0.8008
2	2	1	3	3	1	0	2	85	0.5847
2	3	0	3	2	3	0	3	88	0.6679
1	2	2	3	2	3	3	2	90	0.8367
2	3	1	3	2	2	0	3	93	0
2	2	0	3	2	2	3	0	93	2.0746
1	3	3	3	2	2	2	2	95	0.6259
1	.	.	1	3	.	.	3	98	0
1	1	2	2	1	1	2	0	3	0
1	2	.	3	1	3	3	2	3	4.2716
1	2	1	3	3	1	3	0	4	1.5205
2	1	2	1	2	2	0	3	7	2.6426
1	.	3	.	0	0	2	2	9	0
1	3	2	2	0	2	2	2	9	0
2	2	3	3	3	2	1	3	11	0
1	.	.	3	3	3	3	0	13	1.4361
2	.	.	.	2	.	.	0	14	0
1	2	0	3	2	1	3	0	15	0.7213
2	2	0	3	3	.	0	3	16	4.1545
2	3	3	3	3	3	2	3	17	1.5423
1	1	0	2	0	2	2	2	18	1.5112
1	1	0	0	1	1	1	0	18	2.8457
1	3	2	2	3	3	3	2	21	0.4478
1	1	3	1	1	0	0	3	21	1.2252
1	1	2	3	3	0	3	0	27	1.0367
1	.	.	2	1	1	2	2	30	0.9119
1	0	2	1	0	1	3	0	30	0.4612
2	.	0	3	3	2	2	0	32	0.4318
1	1	0	1	0	0	2	0	36	1.5614
1	2	.	2	1	3	.	3	38	1.8467
2	2	1	1	2	2	3	2	39	0.4128
2	1	2	2	.	3	0	1	42	0.6371
1	0	1	2	3	2	3	0	44	0
1	0	0	0	2	3	1	3	45	1.0788
1	0	1	0	1	1	1	1	47	0.9995
1	3	3	1	1	.	3	3	49	0.7267
2	2	3	3	3	0	1	1	49	0.6182
1	3	0	0	2	0	3	0	50	1.5801
1	1	0	1	1	0	1	0	53	0.8462
1	0	.	.	.	.	.	0	54	0.5599
1	1	1	1	1	3	3	0	56	0.855
2	2	0	3	2	2	1	2	57	0.8627
2	1	1	3	3	1	1	0	57	0
2	0	1	1	0	0	1	0	58	1.4022
2	1	0	2	1	1	2	0	60	0.7444
1	0	0	0	2	0	0	0	61	2.5919
2	2	.	1	2	0	1	3	61	1.3921
1	.	1	2	.	1	1	0	62	1.4863
2	2	2	0	.	.	1	0	63	0.7938
2	2	1	2	2	2	1	3	64	2.6871
1	1	0	1	1	2	1	2	65	1.8529
1	1	1	0	0	0	1	2	68	0.7508
1	0	0	1	2	1	2	0	72	0.598
2	1	1	1	1	2	0	3	73	0.4815
2	3	3	0	2	3	1	3	74	0
2	2	2	0	0	2	3	3	76	0.3768
1	0	3	3	0	2	3	2	77	0.8217
1	1	2	1	.	3	0	2	78	0.3856
2	0	3	1	2	2	1	2	80	0.6725
1	.	.	.	.	2	.	0	82	1.5599
2	1	2	0	3	3	0	3	83	0.8216
1	.	.	.	.	.	2	0	85	1.3878
1	2	0	3	1	3	2	0	86	0.7802
1	.	1	2	0	2	.	1	87	0.412
1	1	1	.	1	2	1	3	87	1.323
1	.	.	.	.	.	.	0	88	1.3242
2	3	0	2	2	3	2	2	88	0.9995
1	.	0	3	1	1	1	2	89	1.621
1	.	.	1	.	2	2	2	91	0.8771
1	1	0	.	1	1	2	0	91	1.2225
1	.	.	.	.	.	.	0	94	1.3471
2	.	2	1	1	3	2	2	95	0
1	2	1	2	2	2	2	3	96	0.9418
1	1	.	1	2	1	.	0	98	1.3996
1	1	2	2	0	1	2	3	2	0.7419
2	1	1	1	1	1	0	2	6	0
2	1	2	3	1	1	1	3	7	0.6451
2	1	1	2	2	2	1	2	8	0.7201
1	.	1	0	1	2	1	0	9	0
1	1	0	0	0	0	0	0	10	2.2967
1	1	.	1	1	1	2	3	10	0.8469
1	0	1	1	2	1	3	1	11	0.9445
2	3	2	3	2	2	2	3	11	0.9069
2	3	1	3	3	3	1	3	13	0.6764
1	2	0	3	0	0	3	0	14	2.4931
1	.	.	2	3	3	1	0	18	0.9696
1	0	0	2	1	1	1	0	19	1.004
2	3	3	3	1	3	0	3	21	0.8168
2	.	.	.	.	3	.	3	26	0
2	2	3	3	0	3	3	0	27	0
1	.	.	0	0	1	2	3	34	0
2	1	2	3	3	3	.	2	36	0.334
1	0	1	1	3	0	3	0	37	0.7444
2	1	0	0	1	1	1	1	39	0.7292
2	.	1	2	1	1	.	2	39	0.6962
1	2	1	0	0	2	2	0	41	0.3423
2	0	0	0	2	0	3	.	42	0.4563
2	.	0	3	.	0	.	0	43	0.4128
2	2	2	2	0	3	3	0	44	0.4205
2	3	2	3	3	3	3	3	46	0
2	1	2	0	1	0	3	0	48	0.8779
1	3	0	1	0	1	3	3	49	1.3272
1	0	0	0	2	3	0	0	49	1.7561
2	2	2	2	2	1	2	3	51	0.348
1	1	1	0	1	0	2	2	53	0.3576
2	1	2	0	2	1	2	3	54	0
1	0	3	1	.	0	0	0	57	0.4824
2	2	0	2	2	1	2	0	59	0.727
1	.	.	.	2	.	.	.	61	1.0624
2	3	1	1	3	0	3	0	61	1.1096
1	1	.	1	1	2	2	1	62	0.5008
1	.	0	0	0	0	0	0	62	0.5859
1	1	3	3	1	2	3	3	66	0.5819
2	0	3	.	2	.	.	1	68	1.4396
1	2	2	3	1	2	3	0	73	0.63
2	3	0	3	3	3	1	3	74	0.7054
2	1	1	2	1	0	1	0	74	0.6979
1	3	1	3	3	3	3	0	76	0
2	2	0	3	3	3	.	3	77	0.3819
1	2	3	3	3	3	3	3	77	1.3999
1	2	0	3	1	1	1	0	79	0.8903
1	1	1	0	1	1	0	2	84	1.5842
1	.	.	1	2	1	3	0	84	1.0874
1	1	3	.	2	3	3	3	87	1.2595
1	0	2	2	0	1	1	2	88	0.8376
2	2	.	1	3	3	1	3	90	0.8441
1	0	0	0	.	0	.	0	90	0.3464
2	3	3	3	3	3	0	3	91	0.7481
1	3	0	3	3	3	3	0	92	0.5971
1	2	2	3	0	2	3	0	92	0
1	0	2	2	0	2	2	3	93	1.3808
1	1	2	2	1	1	1	3	94	0.3707
2	2	1	2	3	3	1	3	95	0
1	2	3	3	3	3	2	0	96	1.2526
2	.	0	0	0	0	0	3	97	0.894
1	3	2	0	3	2	1	3	98	0.7289
1	3	2	3	0	1	3	0	1	0.8545
2	1	2	1	1	2	1	3	1	1.9497
1	0	1	3	1	1	2	0	2	2.0492
1	3	2	3	3	3	3	3	3	0
2	1	1	1	0	1	2	2	4	0.7916
1	0	0	3	2	1	3	3	4	0
1	1	1	3	0	1	2	0	5	0.7387
2	1	3	2	3	3	3	3	6	0.8273
1	1	0	0	.	.	1	0	7	0.7235
2	1	3	1	.	0	2	0	7	1.2436
2	0	1	0	1	1	1	0	8	0.6846
2	1	2	2	2	2	1	3	9	1.6672
1	1	3	3	0	1	3	0	10	0.5958
1	.	0	0	0	0	.	0	11	0.7455
1	3	.	3	0	0	1	3	12	0.981
1	0	1	1	.	0	0	0	12	0.6138
1	.	3	3	2	1	2	1	14	0.7095
2	1	1	3	0	3	3	3	16	0.8314
1	2	3	1	2	3	3	2	16	2.0794
1	2	0	1	0	2	1	0	17	0.8152
1	0	1	1	0	0	3	3	21	0.5545
2	2	3	3	1	3	2	3	22	0.3675
2	0	.	.	0	2	0	0	27	1.5874
1	0	1	2	2	.	.	2	29	0.4208
2	.	1	0	0	3	0	0	30	0.3552
2	1	3	3	2	1	3	0	30	1.4156
2	2	1	3	1	3	0	3	32	0.3557
1	.	0	.	0	.	.	0	35	1.5753
1	0	0	0	0	0	3	2	36	0.6521
1	.	.	.	.	.	.	0	38	0.2732
1	.	.	1	.	.	2	1	39	0.682
1	2	1	2	2	2	3	3	41	0.9224
2	.	.	3	2	3	3	3	41	3.8716
2	3	2	2	2	3	2	3	42	1.0531
1	3	3	3	3	3	3	3	46	0
1	1	1	2	1	2	2	3	48	0.3582
1	1	1	2	0	1	2	3	49	0.9746
1	1	1	3	3	1	2	1	50	1.6101
1	1	0	0	1	2	2	1	50	0.5545
1	0	0	.	0	.	3	0	51	0
1	2	1	0	1	1	3	3	52	0.3753
2	1	0	1	2	1	1	3	53	1.2003
2	0	3	3	3	3	.	3	54	0.431
2	1	1	1	1	2	2	3	55	0.907
1	1	.	.	.	.	2	0	56	1.299
2	1	0	3	3	1	1	3	57	0
2	1	1	0	1	0	1	2	58	0.7767
1	3	1	3	2	1	2	3	59	1.0488
1	0	0	0	0	0	1	2	60	0.6263
1	0	1	1	0	.	1	0	62	0.8545
2	2	3	3	3	3	2	3	64	0.7089
2	1	.	.	3	3	3	3	64	0.4493
2	1	0	0	1	0	1	0	68	0.6986
1	1	1	2	1	1	1	0	69	0.7512
1	1	0	1	1	0	0	0	69	0.6449
1	0	.	2	3	.	.	0	70	1.546
1	2	0	3	1	1	3	3	71	0.2781
1	1	0	1	1	1	2	2	73	0.431
1	.	.	3	3	1	.	3	75	0
1	.	1	.	1	1	.	2	76	0
1	1	2	2	1	1	2	2	77	0
2	2	0	3	1	3	1	3	77	1.8835
2	0	2	0	2	.	0	0	80	0.7126
1	3	0	2	0	0	0	0	84	0.8404
2	0	0	1	1	1	1	2	85	0.3126
1	1	1	2	3	3	2	2	86	1.158
1	.	.	.	.	.	.	0	87	0.7022
1	1	0	2	1	0	0	0	89	0.5772
1	2	0	1	2	1	.	1	89	0.3335
2	1	3	2	3	2	0	3	91	1.961
2	3	2	3	3	3	3	0	97	0.671
1	.	.	3	3	2	3	3	100	2.8176
1	0	3	.	.	2	3	0	100	0.3707
1	1	3	1	0	.	3	0	2	0.8369
1	.	.	.	.	.	.	1	3	1.1766
2	1	1	0	1	2	1	2	5	0.7602
2	2	2	.	2	.	1	0	6	0.3803
2	1	1	2	2	2	0	0	8	0.6759
2	3	0	2	3	2	1	2	9	0.671
1	0	1	3	0	2	0	2	10	0.4154
1	1	0	1	1	2	3	2	12	1.2353
2	3	0	2	2	2	2	3	12	2.0554
2	1	1	0	0	2	.	2	13	0.7508
1	1	0	3	3	0	1	3	15	0.4337
1	2	0	3	3	3	3	0	17	0.4263
1	.	.	.	.	1	1	0	18	0.3464
1	0	0	0	1	1	0	0	20	0.3877
2	2	0	3	1	1	0	3	22	0.8356
1	1	2	1	1	0	1	2	25	0
2	2	1	2	2	2	1	2	25	0.8425
2	1	2	2	3	3	3	2	27	1.8242
1	0	1	.	.	3	.	0	29	1.388
2	1	2	1	1	2	1	2	30	0.4317
2	2	2	2	2	1	2	0	31	0.5826
1	3	3	3	3	3	3	3	35	0.8956
2	2	0	0	3	3	3	0	35	0.4354
2	0	0	0	0	0	0	0	36	0.8417
1	.	0	3	0	0	0	0	38	0.8008
1	2	3	.	2	2	3	2	40	0
1	0	1	2	0	1	2	0	41	1.0997
2	2	2	2	2	2	2	0	42	0.765
2	2	1	3	3	0	1	2	43	1.0488
2	3	1	2	2	1	1	0	45	0
2	0	1	0	0	.	.	0	47	1.8984
2	1	1	2	2	2	1	0	48	0.3527
1	3	2	1	3	3	3	2	49	0.3356
2	1	1	3	2	1	3	2	49	0.4307
1	1	3	0	1	1	2	1	52	1.3407
2	0	2	0	.	.	.	3	53	1.3859
1	0	0	1	3	1	1	2	54	1.5456
1	1	0	3	2	3	2	3	55	0.8353
1	1	0	1	0	0	.	2	55	0.6977
2	.	.	.	.	.	.	0	56	0
1	1	0	0	1	2	2	0	58	1.9705
1	0	1	0	1	0	2	0	59	0.8422
1	0	0	2	0	0	0	0	62	1.9843
1	3	0	1	1	1	1	3	63	1.0903
1	1	1	3	1	0	1	3	66	0.9948
2	0	1	0	1	1	1	0	69	1.1389
1	0	3	3	3	0	3	0	70	1.6609
1	0	2	1	1	0	2	1	71	0.8022
1	3	0	0	3	3	3	3	72	1.2812
2	1	1	3	1	.	1	0	73	1.6435
1	2	0	0	2	2	2	3	75	0.7471
1	0	0	1	1	1	1	2	75	0.9011
2	0	1	0	3	2	2	0	76	0.7455
1	0	0	1	0	1	0	0	76	1.3999
1	1	3	1	2	1	3	0	79	0.9808
1	1	.	0	.	.	.	0	81	1.8393
1	0	1	3	1	0	1	2	81	0.5065
2	1	.	1	0	3	.	0	86	0.9626
2	2	2	3	2	2	2	2	87	0.6294
2	0	0	0	0	3	2	3	88	0
2	3	3	0	3	1	3	3	90	0.7325
2	1	2	.	2	2	2	3	90	0.3675
1	3	0	0	0	0	2	0	91	0.3409
2	1	2	.	1	0	2	0	94	1.7495
1	0	0	2	1	2	2	0	96	0.9377
1	3	3	3	3	3	3	1	98	1.0549
1	1	0	2	2	3	2	3	99	0
1	0	0	1	0	2	2	3	100	0.4154
1	.	3	2	.	3	.	2	1	0.8425
1	.	.	.	.	0	2	3	3	2.0439
2	3	2	3	3	3	3	0	7	0.3686
2	.	2	2	3	0	3	2	10	1.4972
2	1	3	3	3	3	1	0	11	0.6552
2	0	1	1	1	0	1	2	12	0.3591
2	1	0	3	3	3	1	0	15	0
1	.	1	1	3	3	3	0	16	0.9369
2	1	2	3	.	3	0	2	18	1.5715
2	1	1	1	1	3	3	3	19	0.3423
1	.	.	2	1	.	.	0	21	1.5305
2	.	0	1	0	3	.	3	22	1.3047
2	1	2	3	3	2	1	0	24	0.7508
2	0	1	.	1	2	3	0	27	0.6914
1	1	3	2	.	1	3	2	29	0
1	0	.	0	0	2	.	3	30	2.4978
2	2	2	2	2	0	0	3	31	1.8599
1	3	3	3	3	3	0	3	32	0.521
1	0	3	1	0	0	0	2	33	0.8958
2	0	0	.	.	3	.	0	34	0.9677
2	.	0	0	1	.	0	2	34	0
1	1	1	3	1	0	2	3	36	0
1	0	.	1	.	3	.	0	39	1.0707
1	1	0	0	0	0	0	0	39	0.8953
1	1	2	0	2	3	2	1	43	2.247
1	0	0	2	.	0	3	0	43	0
1	2	1	2	2	1	0	3	44	1.1935
1	2	1	1	1	1	3	1	45	1.7345
2	2	2	3	1	0	0	3	47	0.3147
1	1	1	1	1	1	2	1	49	0.9778
1	1	0	2	1	2	2	3	52	0.8739
1	.	3	0	1	3	3	1	52	0
2	3	0	1	3	2	2	3	56	1.4497
1	1	1	1	2	1	1	0	56	0.4415
1	1	1	2	1	2	1	2	57	1.757
1	2	3	3	1	2	3	2	59	0
2	3	1	3	2	1	1	3	60	0.446
2	3	0	0	3	3	3	0	61	1.0556
2	2	2	3	2	2	2	3	63	1.1229
1	2	1	.	1	3	3	0	65	1.1819
1	.	0	0	0	0	0	0	65	0.4336
1	.	0	3	2	2	1	2	66	0.6519
1	1	2	0	0	0	0	2	68	1.4088
1	3	2	0	2	3	0	2	68	0.4687
1	1	0	2	1	1	1	0	69	0.9768
1	2	2	3	2	3	3	3	69	0.3493
1	.	1	1	1	0	1	0	70	0.8422
2	3	0	.	.	.	.	0	71	0.7059
1	.	.	1	.	.	1	0	73	2.6103
2	3	1	0	1	3	2	0	74	0.7201
2	2	2	0	0	2	2	0	76	0
1	2	2	3	2	2	3	2	77	0.8172
2	1	0	3	0	0	3	0	77	0
2	.	.	3	2	2	0	3	78	0.6263
1	0	3	0	0	0	3	2	79	0.5531
2	1	1	2	3	2	2	3	81	0.6896
2	0	0	1	2	1	1	0	82	0.8425
2	1	.	.	1	3	.	3	82	0.8425
2	.	.	.	3	2	2	2	83	0.4234
1	0	0	3	3	3	3	3	84	0
1	.	2	1	3	2	2	0	86	0
2	1	2	0	0	2	0	3	86	2.5016
2	3	3	3	3	3	1	3	89	1.0424
2	1	1	0	.	2	1	2	90	0.8614
1	3	1	3	3	3	3	0	94	0.3319
2	2	2	2	1	0	0	2	94	0.37
2	2	1	2	2	.	1	1	95	0.8378
2	0	2	0	0	0	2	0	96	1.4843
2	0	2	2	1	0	3	3	97	0
1	0	0	1	0	0	1	0	97	1.535
1	.	2	3	.	.	3	0	100	0
2	1	3	3	.	2	.	3	1	0
2	3	1	3	2	3	2	3	1	0.3934
1	1	0	1	1	0	1	0	2	0.3702
1	.	.	.	.	1	.	0	4	0.5487
2	.	1	2	0	1	1	0	5	0.6182
2	3	3	0	2	3	1	3	6	1.5119
2	.	.	.	.	.	.	0	8	1.4921
1	1	1	1	3	2	3	3	9	0.6525
1	1	.	.	3	3	.	3	10	0.8534
1	0	.	0	0	1	1	3	11	0.9043
1	.	.	.	.	.	3	3	13	0.7411
2	3	3	3	3	3	3	3	13	1.2405
1	1	0	3	2	1	3	3	15	1.3811
1	2	.	1	.	3	1	2	16	0.7808
2	0	1	2	2	0	2	2	19	0.771
2	1	2	1	2	0	1	2	20	0.771
1	1	.	3	3	3	.	3	21	0.7508
1	3	0	3	3	0	3	0	22	2.1544
1	2	1	2	2	0	2	1	23	3.2843
1	3	3	3	3	3	3	3	24	0.6725
2	2	0	3	1	2	2	2	24	0.6896
2	3	1	2	3	2	2	3	25	0.5299
2	1	0	1	2	2	1	3	26	0.3591
2	0	2	.	2	1	0	0	29	0
1	3	3	3	.	.	3	0	29	1.3807
1	1	.	0	0	1	2	0	31	0.3749
1	3	.	.	.	.	.	0	33	0
1	1	1	2	0	2	1	2	36	1.8213
1	3	0	0	2	2	3	0	36	0
2	.	.	.	.	3	.	3	38	0.7052
1	3	.	3	1	3	.	2	38	0.9631
2	1	2	.	3	2	2	3	39	0.8474
2	1	1	2	.	2	3	2	41	0
2	.	0	.	0	1	.	3	41	1.0424
2	1	0	3	3	.	1	2	42	0.8332
1	1	2	.	0	1	0	2	44	0
2	0	1	2	1	2	0	3	46	0.8032
2	2	0	1	1	.	.	2	49	0.7305
2	2	0	3	2	3	2	3	49	0.3858
2	.	2	.	.	.	.	0	53	1.3542
2	2	1	2	3	3	1	0	53	1.974
1	.	2	3	2	2	3	0	54	2.996
2	1	1	1	.	0	0	2	56	0.8812
1	2	3	0	3	3	0	0	56	2.0685
2	1	2	3	.	2	1	3	57	0
2	2	2	2	2	3	2	3	61	0.4513
1	3	3	3	0	3	3	3	62	1.1537
2	3	2	3	3	3	3	3	63	0
2	2	2	1	2	2	1	2	64	0.8669
1	1	1	2	1	2	3	2	65	0.6182
2	3	0	3	2	3	3	0	65	0
1	2	2	2	3	3	3	0	66	0.6549
2	0	.	0	1	0	0	3	69	1.5606
1	.	.	1	1	1	2	3	72	0.8892
1	1	3	1	1	3	3	0	74	3.9978
2	.	.	1	.	2	1	0	75	0.8897
2	1	1	1	3	3	2	3	75	1.6407
1	0	1	1	1	1	3	0	76	0.3234
1	0	1	0	1	0	3	0	77	0.6374
1	1	1	3	3	0	3	3	79	0.8495
1	2	0	1	1	0	3	0	82	0
1	0	0	1	0	1	1	0	84	1.6374
2	1	2	3	2	1	3	3	85	0.3858
1	3	0	3	0	2	3	0	87	1.0488
2	2	1	3	2	2	0	3	91	0.6846
2	0	2	1	0	3	1	0	95	0.8172
1	1	.	3	1	.	.	0	96	2.0794
1	0	.	.	.	.	.	0	96	0
1	1	.	.	.	2	.	2	100	1.2231
1	3	1	3	0	1	3	2	1	0
1	.	.	.	0	.	.	2	4	0.4116
2	2	3	3	3	3	2	2	10	0
2	.	1	1	.	0	.	0	11	0.9593
2	1	2	1	3	0	3	3	12	0.6138
2	3	0	3	1	2	2	3	13	0.7266
1	3	0	2	1	2	2	1	15	0.7071
1	1	1	1	2	2	3	1	16	0.7392
2	2	2	3	3	1	0	3	18	0.6525
1	2	0	3	0	2	.	3	19	0.8314
1	.	1	0	1	.	0	0	20	0.3464
2	.	.	.	.	.	.	3	21	0.8232
2	2	1	2	1	2	.	0	23	1.3653
1	1	2	0	2	2	1	0	24	1.859
2	.	0	2	3	.	3	1	25	0.8356
2	3	0	3	3	3	1	3	25	0.771
2	1	0	2	2	2	1	3	26	0.8327
2	0	2	1	0	1	1	0	30	0.7663
1	1	0	2	2	1	2	2	32	0
2	2	0	2	2	0	1	2	33	0.786
1	.	.	.	3	3	.	3	34	0
2	.	2	3	0	3	0	0	35	0.4513
1	.	.	.	.	.	.	0	38	1.3848
1	0	2	0	0	1	2	2	39	0.6279
1	1	.	2	.	0	1	0	39	0.7913
2	2	0	0	1	1	0	2	40	0.6129
2	2	1	2	3	3	2	0	41	2.626
1	0	1	2	1	2	.	2	41	1.8157
1	1	1	.	1	2	3	0	43	0.362
1	1	2	1	0	0	3	0	43	1.4474
1	2	1	1	0	2	1	1	46	0.7201
2	2	1	1	1	1	1	2	47	3.2944
1	2	1	3	1	2	3	3	47	0.7235
2	2	2	3	1	2	1	0	49	0
1	0	1	2	1	0	1	0	50	0
1	1	1	0	2	2	0	3	51	0.8164
2	.	.	3	.	0	.	0	52	0.4502
2	0	0	0	0	.	0	0	56	0
2	3	1	3	2	0	0	3	60	3.6063
1	3	3	3	2	2	3	2	61	0.4191
1	3	3	3	3	3	3	3	62	0
2	2	2	2	2	3	2	3	62	1.4887
2	2	1	2	2	2	0	3	66	1.6309
1	.	1	0	1	3	3	3	67	1.4017
2	3	0	3	0	2	3	0	69	0.3335
1	.	2	2	3	3	3	0	69	0
1	.	1	3	1	1	2	0	72	1.0155
1	1	0	1	1	0	2	2	74	0.6129
1	0	1	.	3	3	0	3	77	1.3457
1	3	3	3	3	3	3	0	79	0.8614
1	1	0	.	3	0	2	2	80	0.8482
2	0	0	2	2	.	2	0	81	0.3968
2	1	1	1	1	3	1	0	82	0
2	1	.	1	1	1	1	3	83	0
1	2	2	2	3	2	0	3	85	1.6605
2	1	1	0	0	3	1	3	87	1.8371
1	0	.	2	1	1	0	2	88	1.1635
2	0	1	1	0	0	1	1	89	1.6109
2	2	3	2	2	1	0	0	90	0.3705
1	1	2	3	1	1	3	0	91	0.9212
1	0	3	3	3	2	3	0	92	0.4314
1	2	0	0	1	0	3	0	94	0.3134
1	1	0	0	0	0	0	0	99	0.3407
1	1	2	1	2	0	2	0	100	0.6279
2	2	3	3	3	1	3	3	1	0.8314
2	1	3	3	1	2	0	0	6	0
1	1	2	1	1	3	3	3	12	1.1174
1	0	1	3	1	3	3	3	12	0.3963
1	2	1	2	2	2	2	2	13	0.4582
1	1	0	3	0	0	3	0	15	0
2	2	2	3	2	2	2	3	16	0.8092
2	3	1	3	2	3	2	2	19	0
2	1	0	0	0	1	0	0	19	2.6045
2	0	0	1	0	.	.	.	21	0
2	.	.	.	0	.	.	3	21	0
1	1	0	3	2	3	3	3	24	1.1118
2	.	.	.	.	3	.	2	25	3.7643
1	2	2	2	0	2	2	0	26	0.7833
2	1	1	1	3	1	0	3	27	1.6654
2	1	3	2	2	2	2	2	28	0.5459
1	2	0	3	1	3	2	2	31	1.2665
1	1	1	0	1	3	1	2	35	1.8914
1	0	.	0	0	1	0	0	36	0.7537
2	.	0	0	.	.	1	0	38	0.478
2	0	0	0	1	1	2	2	41	0.6861
2	3	2	2	1	0	1	2	43	1.0338
2	0	0	0	0	0	0	3	45	1.432
1	1	2	3	1	2	3	3	46	0.8791
2	1	1	1	2	3	3	2	48	1.2154
2	0	.	.	.	2	3	2	49	0.431
2	2	3	.	2	3	.	3	57	0.6699
1	.	3	2	3	3	3	0	60	1.3021
1	0	2	0	0	0	1	2	61	0
1	3	3	2	3	2	1	2	62	1.1243
1	1	3	1	1	0	2	0	64	0.4635
1	3	0	0	1	2	0	3	65	0.4184
2	0	1	3	2	2	2	3	65	0
2	3	2	2	2	2	1	0	66	0.5958
2	3	3	3	3	2	3	0	67	0.8403
1	2	0	1	3	3	3	3	68	0.5031
2	.	.	.	.	.	.	0	69	1.3835
1	1	1	3	0	2	3	2	71	0.4241
1	1	1	2	0	2	2	1	72	0.7504
2	3	3	0	3	0	2	2	73	0.5986
2	.	2	.	3	3	.	3	76	0.8779
1	1	0	1	0	1	2	0	78	1.1298
2	2	2	0	1	3	.	3	80	0
2	.	3	3	.	2	3	3	81	0
2	3	1	2	0	2	1	3	81	1.4766
1	.	.	.	.	.	.	0	84	1.4316
2	1	2	.	.	.	.	0	87	0.6259
1	1	2	1	0	0	3	0	87	1.087
2	.	.	3	3	3	.	3	88	0.3707
2	3	3	3	3	3	2	3	90	0.3228
1	2	0	0	0	0	3	0	92	1.7655
1	3	3	3	1	3	3	2	93	0.745
2	.	.	.	2	0	2	3	98	0.408
1	3	3	1	3	3	3	2	98	0.3927
2	3	2	2	1	2	1	3	99	0.9749
1	1	1	1	1	2	2	3	100	0.8741
1	1	3	2	0	3	3	3	1	0.5121
2	2	0	3	3	2	0	3	2	0.8425
1	0	1	.	1	1	3	2	3	0.5993
1	0	.	0	.	.	2	2	5	0
2	2	2	3	2	3	0	3	6	1.5363
1	2	1	2	0	1	2	2	6	0.832
1	1	0	.	3	0	.	0	7	0.639
2	0	0	2	1	0	2	1	8	0
1	1	0	3	1	0	1	2	9	0.8526
1	3	3	3	1	1	3	2	11	0.464
2	3	3	3	0	3	3	3	17	1.0602
1	.	.	2	0	0	2	2	18	0.6984
2	2	1	2	0	3	2	3	18	0.4183
2	2	0	3	2	1	2	1	21	0.8273
1	2	2	2	2	2	3	3	23	0.5392
2	0	3	0	0	0	0	3	23	0.6479
2	3	2	0	3	3	2	3	24	0.741
1	0	1	0	2	0	3	0	26	1.7351
1	3	0	3	1	3	.	0	29	0
1	0	0	0	0	1	3	2	31	0.3805
2	3	1	3	3	3	2	3	32	0.671
1	0	1	0	1	2	2	2	32	1.525
2	0	1	3	2	0	0	3	33	0.4143
2	2	3	0	0	3	0	0	34	1.7385
2	0	2	0	3	3	1	3	34	0.8989
2	1	1	1	1	0	0	0	36	2.4654
2	2	1	2	3	3	1	3	40	0.9441
2	3	0	3	2	3	3	0	45	0.5942
1	1	1	.	1	0	.	1	46	0.6068
2	.	0	0	3	.	.	0	47	1.9895
2	0	0	0	0	1	2	3	50	0.4208
1	.	3	3	3	3	3	3	53	1.2916
2	3	0	3	3	2	1	3	55	2.0242
2	2	3	3	0	1	3	3	56	0.4679
1	1	0	1	1	0	1	0	58	0.3917
1	0	0	1	1	2	2	3	58	1.4237
2	1	1	2	2	2	1	0	60	0.6846
2	3	3	3	3	3	3	3	61	1.4875
1	2	1	.	.	.	.	0	62	1.4013
1	1	1	3	3	.	.	3	64	0.9068
1	3	2	3	0	3	3	1	65	0.8091
2	1	1	2	2	2	3	3	66	1.3729
2	2	2	2	2	3	0	0	68	0.3567
2	3	3	.	1	3	0	0	70	0
1	3	2	2	0	2	3	1	71	0.3407
2	2	1	2	1	.	0	3	72	0.5958
1	1	3	.	2	1	3	0	72	0.3916
2	1	0	0	0	1	1	0	73	0.5872
1	3	2	3	3	2	3	0	74	1.4954
1	0	1	.	3	.	1	0	75	0.8792
1	2	1	1	3	2	3	2	76	0.3431
2	2	1	1	2	0	1	3	77	0.8936
1	0	.	2	0	3	.	1	78	3.1499
2	3	3	3	0	2	3	3	78	0.7607
2	0	.	0	0	.	.	0	79	1.2607
1	0	0	3	1	0	2	1	80	1.176
2	3	2	2	3	3	2	3	83	0.8676
2	2	1	3	.	3	2	2	86	1.5003
2	3	3	3	3	3	0	0	87	0.9418
1	1	1	1	1	0	0	3	88	0.5575
1	.	0	3	.	2	2	0	89	0
2	1	1	2	2	2	0	3	91	0.3776
2	3	3	1	.	3	3	3	91	0.4586
1	2	2	2	2	2	2	2	92	0.7628
2	1	1	0	3	1	.	0	92	0.3591
1	3	2	3	2	1	1	2	94	0.3261
1	1	1	2	2	2	2	0	96	0.4034
1	1	3	3	0	1	3	0	97	0.3109
1	0	0	1	0	0	2	2	98	0.5822
1	0	1	1	2	2	1	0	98	0.4763
2	0	1	3	2	1	2	3	2	0
1	2	2	2	1	1	2	2	3	0.7392
2	0	1	2	1	3	1	0	4	0
2	.	2	3	.	.	.	0	5	0.6129
2	.	.	2	2	1	2	3	6	0.9489
1	2	2	3	1	0	3	2	6	0.3599
1	3	3	3	3	2	3	1	7	0.3877
1	0	0	1	0	2	2	2	8	2.2025
2	3	3	3	3	3	3	0	9	1.0488
1	0	.	1	0	1	.	2	10	0.4543
1	0	3	3	3	2	3	3	11	1.3109
2	2	0	2	2	2	1	3	12	0.764
1	3	1	.	1	3	3	2	12	0.8545
1	.	0	0	2	2	.	3	15	0.4859
2	0	1	3	1	1	2	0	16	0.6513
2	3	1	3	3	3	0	0	21	0.644
2	1	3	1	3	3	2	0	22	1.2844
1	0	1	0	1	.	2	1	23	0.6453
2	3	1	0	2	2	1	2	26	0
1	1	.	1	0	3	3	0	27	0
2	2	0	.	0	0	.	0	30	0.4891
2	3	3	3	3	3	3	3	32	0.7862
1	1	3	2	2	3	3	3	34	0.8425
1	2	2	2	2	2	2	3	35	0.4154
1	.	.	.	.	3	3	3	37	2.386
2	0	.	3	3	3	0	3	38	1.2963
2	3	2	3	3	3	.	3	39	0
1	1	0	3	1	0	2	2	40	0.4059
1	3	1	3	3	1	3	0	41	1.5389
1	1	0	2	0	1	2	3	43	0.8246
1	2	3	2	1	1	0	0	46	1.0075
1	1	0	3	3	3	3	1	47	1.1284
1	1	1	1	2	3	3	2	48	1.6016
1	3	3	3	3	1	3	1	48	0.7304
1	1	0	1	1	2	1	2	53	0
2	2	2	1	1	2	2	0	54	0
1	0	1	1	0	1	3	2	54	1.0424
1	0	0	0	.	.	.	0	55	4.7304
2	2	1	3	2	1	0	0	56	0.4167
2	2	1	3	2	1	1	3	56	1.5988
1	2	2	1	2	1	3	2	57	0.362
2	1	0	0	0	3	3	0	60	0.8378
2	0	2	3	0	0	1	0	61	1.2202
2	3	3	3	1	0	1	0	61	0.6138
2	1	2	1	1	.	0	0	63	0
1	2	3	0	0	2	3	3	64	0.3503
2	1	2	2	3	3	2	3	67	1.7734
2	0	2	2	1	1	0	0	67	0.7273
1	0	0	3	2	0	0	0	69	2.2038
1	3	2	1	3	3	3	2	70	0.9188
2	1	2	0	0	2	.	3	71	0.3858
2	2	0	2	2	2	2	0	74	0.4621
2	.	.	1	1	.	.	0	77	1.0575
1	3	.	.	3	3	.	3	78	1.5328
1	0	1	1	1	1	3	1	80	0.3477
1	1	1	0	3	3	3	3	81	0.6234
2	0	.	.	0	0	0	2	81	0.3348
2	3	2	3	3	0	2	3	82	0.7465
1	2	0	0	0	0	0	0	83	1.446
1	1	0	2	1	1	2	1	83	0.4414
1	.	.	0	0	0	.	0	86	0.8267
2	0	3	3	2	3	1	2	88	0
1	3	0	3	0	0	.	3	88	0.8608
1	0	0	0	2	0	3	0	89	0.4841
1	1	2	2	2	1	1	1	90	0.4536
1	2	0	3	3	2	2	2	90	0.5958
2	1	0	2	2	1	1	3	92	0.671
1	2	1	3	2	3	1	0	93	0.7085
1	1	1	3	2	2	3	0	93	0.4797
2	3	3	3	2	.	2	0	95	0.5477
2	3	2	1	2	2	2	3	95	0.7481
2	.	.	1	1	1	0	2	96	0.8545
1	2	.	1	2	1	.	0	97	0.3581
1	.	1	.	.	3	.	0	97	2.0031
1	1	.	.	.	.	.	0	99	1.3349
2	3	1	1	3	2	1	2	100	0.8376
2	2	2	1	1	3	1	3	1	0
2	1	0	0	1	0	1	1	7	0.7906
2	3	2	2	3	1	2	3	7	1.2149
2	0	2	1	2	2	1	0	8	1.3847
1	2	2	3	2	1	2	2	11	0.3944
1	1	0	1	1	3	3	2	12	0.703
1	3	0	3	3	0	0	0	13	1.287
2	2	2	2	0	1	2	3	14	0.9677
1	1	0	1	1	1	3	0	15	0
2	3	2	3	3	3	3	3	16	1.7513
2	3	1	2	3	1	0	0	16	0.6493
1	1	.	2	0	0	.	0	17	1.1597
1	1	2	0	1	0	1	1	20	0
2	0	0	3	0	0	0	2	21	1.568
1	.	2	3	3	3	1	3	23	0.848
1	2	1	3	2	3	.	0	26	1.1971
2	2	1	2	2	2	2	0	27	0.476
1	2	0	0	0	2	2	0	28	0.7504
2	3	3	2	2	3	3	3	31	0.6899
1	1	0	1	1	0	0	1	32	0
2	2	3	3	2	3	1	3	33	1.4034
2	3	2	2	1	2	2	2	35	1.5167
2	3	2	3	2	2	.	0	37	0.6031
1	2	1	3	1	0	3	2	40	0.7504
2	1	3	2	1	2	0	2	41	0.6169
2	3	0	3	1	0	0	3	42	0.5958
1	0	2	2	2	0	2	0	43	0
1	1	1	2	1	1	2	2	44	0.7925
1	0	0	2	1	0	2	0	44	0.7235
1	3	0	3	0	1	3	2	45	0.4314
1	0	2	2	3	1	3	2	45	0
1	0	.	1	1	0	1	0	47	3.6902
2	0	3	.	1	3	3	2	48	0.5793
2	0	1	3	3	2	1	0	49	0.3998
2	0	2	1	1	2	0	3	50	0.4263
1	0	1	3	1	3	0	0	52	1.2303
2	2	1	3	1	1	1	0	53	0.9589
1	1	0	.	0	3	0	0	55	0.6083
2	0	0	2	3	3	1	3	58	0.8111
1	0	0	2	1	1	1	2	60	1.0425
1	1	0	3	1	1	1	3	64	0.8341
1	1	2	2	2	2	.	0	66	0.387
2	.	.	.	.	.	.	0	68	0.8844
2	2	2	2	3	2	1	3	69	0.3516
1	1	0	1	1	1	3	2	70	0.8553
2	1	0	1	2	3	3	0	71	0.9677
2	2	1	1	3	3	1	0	72	0
1	1	0	3	3	3	3	0	73	1.1568
1	1	0	3	2	0	1	0	74	0.3517
1	0	0	0	3	0	0	2	74	0
2	0	1	0	0	0	0	0	76	1.8017
1	3	1	2	2	3	3	3	79	1.2808
1	3	3	0	3	3	3	3	79	0.4919
2	1	1	3	1	1	0	3	80	0
2	1	3	3	2	2	0	1	82	2.0412
2	3	3	3	2	2	2	2	84	0.3989
1	.	0	.	.	.	.	0	86	0.7546
1	0	0	2	1	0	.	2	87	1.5479
2	0	2	3	0	0	2	2	89	0.3308
2	0	2	0	1	2	0	0	90	0
2	.	2	.	2	3	.	3	91	0.9613
2	0	2	2	2	0	0	3	92	0.7837
1	0	1	1	0	3	1	3	92	0.8153
1	.	1	.	.	0	3	3	93	1.7789
1	1	2	1	0	.	.	0	94	1.4525
1	2	1	1	2	1	0	0	94	0
2	0	0	0	1	1	1	0	95	0.435
1	1	2	.	.	1	.	0	95	0.8401
1	3	1	3	.	3	2	0	100	0.8099
2	3	0	3	3	.	3	0	100	2.1981
1	.	0	.	.	.	.	0	3	0.3576
1	2	0	2	0	.	2	0	4	0
2	2	.	0	2	1	1	0	4	1.4006
2	2	1	3	2	.	2	2	5	0.8863
1	2	0	1	2	1	2	3	5	1.6689
2	2	2	2	2	1	1	1	7	0.7325
2	2	.	3	2	2	1	3	8	0.8425
1	3	3	3	.	.	3	2	10	0.8119
2	1	2	1	1	1	1	2	13	0.7607
1	3	1	3	3	3	3	3	14	0.521
1	2	2	3	3	3	2	3	16	0.4844
1	1	0	1	1	0	2	0	21	0.7235
1	1	1	3	2	2	2	3	23	1.0488
1	3	3	3	3	3	3	3	24	0
2	3	3	3	3	1	0	2	25	1.4558
1	.	3	3	3	.	2	3	27	4.8193
1	1	.	.	0	0	3	1	28	1.729
2	3	2	3	3	3	3	3	30	3.4082
1	.	1	1	1	1	2	0	30	0.4109
1	2	3	3	1	2	2	0	36	1.7647
1	1	0	1	1	2	0	0	39	0
1	0	1	.	0	3	3	0	39	1.0139
2	2	0	2	2	0	2	3	41	1.4624
2	2	0	2	3	2	0	3	42	0
1	1	1	3	1	.	3	0	43	1.894
2	0	0	1	2	2	2	3	44	0.8232
1	3	0	0	3	3	3	3	45	0.7319
2	2	2	3	2	2	2	2	45	0.8314
1	.	.	.	2	.	1	2	46	0.9133
1	2	3	3	2	3	3	2	47	0.9842
2	0	0	1	1	2	1	0	47	0.8989
1	2	0	2	1	2	3	2	50	0
1	0	1	1	1	3	2	2	51	0.5195
1	0	3	3	0	0	2	0	53	0.6129
2	2	1	2	3	3	2	3	56	0.3928
1	0	0	0	0	0	2	0	57	0.8565
1	1	2	1	3	1	1	3	57	0.7835
2	0	2	0	0	3	3	2	58	0
1	0	0	2	2	2	3	3	60	0.478
2	0	2	3	3	3	1	3	62	1.6503
2	1	1	1	3	2	0	2	64	0.8367
2	3	3	3	0	0	3	2	65	1.8848
2	2	.	1	3	2	.	0	66	1.5909
2	2	1	2	2	2	2	2	70	0.4698
2	0	0	0	0	1	3	0	70	0.4193
1	1	1	0	2	2	2	2	71	0.9476
2	0	1	2	2	2	0	0	71	0.8844
1	3	0	1	.	0	.	0	75	0.5274
2	2	2	3	3	3	1	3	76	0.8707
1	0	0	0	1	1	0	0	78	0
1	1	1	0	0	0	2	3	78	1.0338
1	2	0	3	3	2	3	1	80	0.885
1	0	0	0	0	1	0	3	81	1.9536
2	3	1	3	3	3	3	3	84	1.9403
1	2	2	3	2	2	3	0	85	1.1118
2	1	.	1	1	3	2	2	91	0.6663
1	1	0	1	0	0	0	3	92	0.435
1	0	0	.	3	0	0	2	93	1.1118
2	.	.	.	1	0	.	2	94	0
1	.	.	0	0	3	.	3	95	0.7351
1	1	2	1	2	3	3	2	96	0.6501
1	0	0	.	1	3	1	3	98	0.7644
2	0	1	3	.	3	3	3	100	0
1	0	2	0	1	0	3	2	100	0.4862
1	1	.	2	0	1	.	3	2	0.4128
1	2	.	2	2	3	2	0	7	0.8455
1	0	1	2	1	0	1	0	7	0
1	.	1	0	3	3	0	1	8	0
2	1	2	3	0	.	2	1	8	0.6804
2	1	1	0	.	0	.	0	10	0.7252
1	0	2	1	1	3	3	2	10	0.9445
1	.	0	.	0	.	.	2	11	2.3631
2	1	2	3	1	1	1	3	12	0
1	3	1	3	3	3	3	3	14	0
2	0	1	1	0	2	0	3	15	1.0338
2	2	0	2	2	0	0	1	16	0.3916
2	1	3	3	2	3	2	2	17	1.4371
1	2	1	3	1	2	3	3	18	1.517
1	1	0	1	.	1	3	2	20	0.4871
1	1	3	.	0	3	3	0	20	1.1185
1	2	1	2	1	1	1	0	25	0.8779
2	3	2	2	2	2	1	0	26	0.8956
1	.	3	2	1	1	.	2	29	2.2673
2	2	.	3	3	0	1	3	30	0.8353
2	1	0	1	1	2	1	3	30	0.3591
2	1	1	2	3	2	1	2	31	2.6425
1	1	2	3	1	3	3	2	31	2.0999
1	0	1	1	0	0	2	2	32	0.3503
2	2	2	3	3	3	1	3	33	0.63
2	3	1	0	3	3	3	2	33	0
1	3	2	3	3	1	2	3	34	0.3464
1	1	0	2	2	0	2	0	34	0.6276
2	1	3	2	2	2	0	3	36	0.9384
1	0	2	0	1	.	3	0	36	0.3764
2	0	3	0	0	2	2	0	37	0.4183
1	3	.	2	3	3	.	2	39	1.2372
2	3	0	3	2	.	.	3	42	0.7326
2	1	2	3	3	3	2	3	42	0.4369
1	2	1	3	1	0	0	0	43	0
1	2	2	2	2	2	2	3	48	0.8956
2	1	1	0	3	3	3	2	49	1.1463
1	0	1	3	3	0	1	0	50	0.4972
1	2	2	2	0	.	2	3	51	1.6708
2	1	2	.	1	2	2	1	54	0.6374
1	2	3	0	2	1	3	3	55	0.6097
1	0	1	.	2	1	3	0	57	1.4017
2	0	1	3	3	3	3	3	63	0.3923
2	3	0	1	3	3	0	3	65	0.9432
2	3	3	3	1	3	1	0	66	0.6249
1	2	.	1	1	.	1	3	67	0
1	0	2	0	0	0	0	0	67	0.3552
2	3	2	3	2	3	0	1	68	0.5198
1	1	3	3	2	2	2	2	68	0.981
1	3	1	3	3	3	3	3	69	0.521
2	1	.	.	0	.	.	3	71	0
1	1	1	2	1	1	1	2	71	0.5064
2	2	3	0	0	3	3	3	72	0
1	2	.	2	3	3	3	0	77	1.4812
2	.	.	3	1	1	0	3	78	0
2	.	0	3	1	3	.	3	79	1.3971
1	.	.	.	3	.	.	3	81	2.0511
1	1	2	2	.	3	3	0	83	1.4812
2	1	0	1	2	0	1	1	85	0.8677
2	3	3	3	2	.	.	3	85	0.431
1	3	1	2	1	3	2	3	88	1.8781
2	3	3	3	3	2	0	3	90	0.6846
1	0	1	3	1	.	3	0	92	3.1371
2	2	0	3	.	1	2	0	93	0
2	3	3	3	3	3	3	3	94	2.2252
1	0	1	.	1	3	3	0	97	0.8079
1	2	0	2	2	1	3	2	100	0.409
2	3	3	3	3	3	3	3	1	1.7074
1	2	2	.	1	2	2	0	2	0.3749
2	.	0	2	2	0	0	0	3	0.8842
2	0	0	3	2	0	1	2	4	0.7226
2	0	2	.	2	0	2	3	5	1.0418
2	1	0	1	1	1	1	2	6	0.7589
2	.	.	.	.	.	.	0	7	0
1	.	.	.	.	.	.	0	10	1.1116
2	1	1	2	2	1	.	0	16	0.7508
1	1	0	0	1	.	.	0	17	0.8495
1	2	0	2	3	3	2	2	17	0.8382
1	0	1	2	1	1	2	2	19	0.4809
1	1	1	3	1	2	3	2	19	0.3228
2	.	.	3	1	3	2	3	23	0
2	1	2	3	0	3	2	3	23	0.7735
1	2	2	3	1	1	2	0	24	0.9119
1	.	.	.	.	.	.	0	25	0
2	3	1	2	2	2	1	3	26	0.7235
2	2	1	3	3	3	.	3	27	0.9076
2	2	1	2	2	1	2	0	28	0.6981
2	.	.	.	.	.	.	0	28	0
1	1	2	2	2	3	3	3	30	0
2	.	.	0	0	.	0	2	31	0.9068
1	1	1	3	0	0	3	0	31	0.8791
1	2	.	.	3	.	.	2	32	0.6131
1	0	0	0	0	3	3	3	33	0.8897
1	0	0	2	1	1	2	1	36	1.0338
1	1	2	3	3	2	3	3	37	0.3582
2	3	3	3	3	3	3	0	38	0.6097
1	0	1	3	1	2	3	0	39	0.7824
2	2	2	0	.	.	.	0	41	0
1	2	1	3	2	1	0	3	42	1.3478
1	3	1	2	0	1	3	0	43	0.8739
2	2	0	2	1	2	1	2	44	1.406
1	.	3	0	0	2	.	3	45	2.0547
2	1	2	2	2	2	0	2	46	0.7404
2	2	0	2	1	2	1	3	46	0.7681
2	1	3	2	1	3	.	0	51	0
2	.	.	0	3	3	1	0	53	0
1	2	1	2	2	2	3	0	54	0.3858
2	0	2	1	1	0	3	3	54	1.3528
1	0	0	0	0	1	1	2	56	0.7604
1	3	2	3	3	3	3	3	56	1.6309
2	2	1	3	3	3	2	3	63	0.7504
2	1	2	0	.	1	2	0	64	1.3387
1	1	.	1	.	0	1	0	65	1.4665
2	0	0	1	3	3	1	2	66	0
1	1	0	3	1	1	3	0	68	0.6182
2	1	1	3	2	2	1	2	73	2.0136
2	.	.	1	1	.	1	3	74	0.877
1	0	1	2	1	0	3	0	76	0.4851
1	.	0	2	0	0	2	2	79	0.521
1	3	.	.	.	1	.	0	80	2.1425
2	2	1	1	.	1	1	3	80	0.894
1	2	0	2	0	0	3	0	82	1.5363
2	0	3	2	3	1	3	0	83	0
2	1	3	2	3	2	2	3	85	0.6899
2	3	2	3	1	2	3	2	89	0.7662
2	0	2	0	3	2	1	3	91	0.3582
1	1	1	2	1	2	3	2	91	0.9058
2	1	1	3	1	.	1	3	93	0.771
1	0	1	3	1	0	3	2	93	0.6896
2	1	3	2	3	3	0	3	94	0
1	2	0	3	1	2	2	3	95	0.3866
1	2	1	0	0	0	1	0	95	0.8958
2	1	0	3	1	1	2	3	96	0
1	1	0	2	0	1	1	3	98	0.6218
2	3	1	2	3	3	2	2	1	0.6129
1	.	2	3	2	0	3	0	3	0.5019
2	2	0	3	3	1	3	0	7	2.0819
1	2	2	3	0	1	1	3	8	0.4894
1	.	1	3	1	0	3	3	12	0.9592
1	1	1	1	1	3	3	1	13	1.2245
1	1	0	3	2	0	0	0	14	1.4755
2	1	0	3	3	3	1	3	15	0.8833
2	3	1	3	3	3	1	3	16	1.7676
1	.	0	.	.	.	.	0	17	0.764
2	2	0	1	0	2	3	2	20	0.7163
1	2	1	3	1	2	3	2	22	0.6401
1	0	0	.	1	1	2	0	24	0.3039
1	.	1	0	0	0	.	0	25	0
1	1	.	1	0	0	1	0	25	0
2	3	3	3	3	3	3	3	26	0.4368
2	2	0	2	0	1	1	2	32	0.4085
1	1	.	0	2	1	2	2	33	1.1857
2	3	2	3	3	0	1	3	36	1.0828
2	2	3	3	2	0	1	0	38	0.8614
1	0	1	.	2	1	3	2	39	2.7043
1	0	0	3	0	0	3	2	41	1.5398
1	3	.	.	2	3	3	0	43	0.7755
2	0	2	2	1	1	2	2	43	0.2651
2	2	3	3	3	3	2	0	44	0.6259
1	1	1	3	0	0	3	0	44	0.4758
2	0	2	2	1	3	1	3	46	0.9417
2	3	3	3	3	3	0	3	48	4.76
1	2	1	2	2	1	.	1	49	1.6313
1	.	0	.	.	.	.	3	52	0
2	1	1	3	3	2	.	0	53	0.8273
1	.	3	.	3	.	1	0	55	0.412
1	0	3	2	1	.	.	0	56	0.5331
1	2	1	1	1	2	2	1	59	0.7642
2	1	1	2	1	2	0	0	61	0.4915
2	2	0	3	2	3	1	3	62	0.3928
1	2	0	3	3	2	.	3	63	0.6479
1	1	1	0	0	1	1	2	66	0.7588
2	.	.	3	1	0	3	3	67	1.9435
2	1	0	2	2	2	1	3	68	0.7318
2	0	3	0	0	1	0	3	69	1.3835
1	1	0	3	3	0	1	0	70	0.4128
2	1	1	3	1	1	2	3	71	2.3588
2	3	3	1	2	2	1	3	76	0.75
1	1	0	3	0	3	2	3	78	0
1	1	1	1	2	3	1	3	79	1.5379
1	1	.	1	1	.	2	0	80	0
1	1	1	1	1	2	3	2	83	0.8091
1	3	0	3	0	0	0	2	85	1.281
2	2	1	1	2	2	3	2	86	0.762
1	3	1	0	2	1	3	2	86	0.8302
1	2	3	3	0	3	3	2	87	0.8739
2	2	1	3	2	3	2	3	90	0
2	2	1	1	0	2	1	3	91	0.3607
1	2	2	.	1	3	1	3	92	0.7468
1	2	0	1	1	0	1	3	93	0.7202
1	3	.	.	.	.	1	0	95	1.599
1	3	0	3	.	3	3	3	97	1.2533
1	3	1	3	1	2	2	3	99	1.0489
2	2	1	2	2	2	1	3	1	0.7071
1	3	3	0	2	1	2	2	2	0
1	0	2	2	0	0	1	0	3	1.3471
1	0	0	0	1	2	2	2	7	0.6249
2	2	0	2	2	2	0	3	9	1.9056
1	0	1	0	0	1	0	1	11	0
2	3	3	0	0	3	1	2	12	0.8534
1	0	1	3	1	0	3	3	15	1.2517
1	1	2	3	0	1	1	3	16	0.347
1	1	.	1	2	.	.	0	18	0
2	2	2	1	2	2	1	2	21	0.8614
1	0	2	1	0	1	.	0	21	0.6685
1	1	3	1	3	3	1	0	22	0
1	1	2	3	2	2	3	0	22	0.3974
1	1	0	0	1	0	0	2	23	0.3634
1	2	1	0	.	1	.	3	27	1.3133
2	0	3	1	3	3	1	0	29	0.9618
1	0	1	1	0	0	2	2	30	1.6665
2	1	1	2	1	1	.	0	33	0
1	3	2	3	1	2	2	0	35	0.6015
2	0	3	3	.	3	3	3	37	0.7477
1	.	3	.	.	.	.	0	40	0.4063
2	3	3	3	3	3	3	3	41	0.8246
1	0	2	2	1	0	1	2	41	1.339
2	3	1	3	0	3	1	3	42	0.771
2	3	2	3	1	3	0	3	47	1.2948
1	1	1	3	0	2	.	2	48	1.2609
2	1	0	3	.	3	3	2	49	0.6855
1	2	2	3	3	3	1	1	51	0
1	3	2	0	0	0	0	0	52	0.6218
1	0	3	3	1	3	3	0	53	0.7235
1	3	2	3	2	1	3	2	54	1.3365
2	3	1	0	1	2	3	2	55	0.4153
2	3	3	3	3	3	3	3	56	0
2	3	3	3	3	3	3	3	57	0.6451
1	0	.	2	1	1	.	3	59	1.2817
1	2	1	3	1	.	3	3	60	0.8376
1	0	1	.	.	.	1	0	66	1.5479
1	3	.	.	.	0	.	3	67	1.332
1	3	.	3	0	3	.	0	68	3.0911
1	1	0	1	1	2	3	3	69	0.4845
2	3	3	3	2	0	.	0	69	0.7508
1	0	2	1	0	.	0	1	71	1.9786
1	0	0	2	0	1	1	0	71	1.1661
1	0	0	0	1	1	1	0	72	0.9932
2	1	.	1	.	0	.	0	73	0
2	2	.	2	1	2	2	2	74	0
2	1	2	0	2	2	1	3	77	0
1	.	2	3	2	3	1	0	80	0
2	.	0	3	3	.	1	3	80	0.6138
2	1	1	1	1	1	2	0	82	0.9011
2	1	0	2	2	3	2	3	84	0
1	2	3	3	3	1	1	0	85	0.5149
2	2	3	3	2	2	2	3	87	0.424
2	1	3	1	2	0	2	2	88	0.7663
1	.	.	3	.	3	.	3	91	0.3611
2	3	0	3	1	3	0	3	93	0.7481
1	0	2	2	3	.	3	0	97	0
1	3	.	2	3	3	3	3	98	1.0744
1	1	2	1	1	2	3	0	99	0.6241
2	1	0	2	1	3	2	2	2	0.8565
1	.	.	3	.	.	3	0	2	0.4619
2	3	.	2	3	3	0	2	6	0.8092
1	.	2	0	.	0	.	0	9	0.6677
2	1	2	0	0	1	.	1	9	0.9085
2	2	1	1	1	2	0	0	11	0.8587
1	.	2	1	0	2	0	2	13	1.2467
2	1	2	1	2	1	2	2	14	0.7239
2	1	2	.	3	1	2	0	17	1.4755
2	1	0	2	3	3	1	2	18	0.6962
1	.	.	1	1	.	.	0	19	0
2	3	3	0	1	2	3	0	19	1.1919
2	3	1	2	3	3	.	0	20	0.6121
2	.	2	.	0	0	1	0	20	0.3963
1	0	2	3	1	2	3	0	22	0.3828
1	3	3	0	3	3	3	0	23	1.8553
1	3	1	2	3	3	3	3	24	1.1819
1	2	1	2	.	1	3	0	24	0
2	1	2	1	0	3	1	3	25	0.768
1	1	0	3	1	3	2	2	26	0.4318
2	0	2	2	2	3	.	3	27	0.75
1	0	0	3	3	3	3	0	27	1.1489
2	.	1	1	3	2	3	3	29	3.7576
1	2	.	.	3	.	3	0	29	0.5205
2	2	0	3	3	2	0	3	30	0.8885
1	.	.	0	.	.	1	3	30	0
1	1	2	1	0	1	3	0	32	0.4142
2	.	1	1	2	2	.	0	32	1.3859
1	.	3	0	2	2	1	2	33	0.8273
1	0	0	1	1	0	.	0	35	0.8553
2	1	1	1	1	0	2	1	36	0
1	1	1	3	0	3	2	3	40	1.6665
2	.	2	1	2	2	2	3	44	0.6249
1	3	2	2	3	1	2	2	47	0.6182
1	0	0	1	0	0	1	0	51	1.3217
1	.	0	2	3	.	.	0	51	2.2971
2	3	3	3	1	2	2	2	53	0.9418
1	0	1	2	.	0	1	0	53	1.3401
1	0	3	1	0	2	3	0	54	3.2781
1	3	.	3	3	3	0	3	58	0.8329
2	2	3	1	2	3	0	3	59	0.8092
1	1	3	2	1	0	0	0	60	0.7059
1	3	1	3	0	.	3	0	61	0.7729
1	2	0	3	2	1	3	2	63	0.3407
2	3	1	3	3	3	0	0	65	0
1	2	3	2	2	3	3	0	67	0
2	3	3	0	0	0	1	2	68	0.454
2	0	1	3	3	3	0	2	69	0.8228
1	.	.	.	.	.	.	0	70	2.5941
1	.	.	.	.	.	2	2	72	0
2	1	0	2	0	0	0	3	73	0.9284
1	2	1	0	1	1	0	0	74	0.9926
1	1	0	1	0	2	0	0	74	0.4318
1	1	1	1	2	0	2	0	77	1.321
2	3	2	2	2	2	1	3	77	0.8303
1	1	.	0	0	0	0	0	79	2.1868
1	1	1	2	1	2	3	2	80	0.363
1	2	0	3	3	0	3	0	81	1.1868
1	0	3	2	2	0	2	3	83	0
2	.	3	.	.	3	.	0	85	0
1	3	2	3	3	0	0	0	85	1.1637
2	.	.	0	.	0	0	0	86	0
2	0	.	.	1	.	.	0	87	0.4317
1	.	.	.	.	.	.	0	88	0.4492
2	1	3	3	3	1	.	3	88	0.4046
1	2	0	1	1	2	2	1	91	0
2	0	0	2	0	1	.	0	91	1.0933
1	1	0	1	2	1	2	2	92	0
1	1	3	3	0	3	3	3	92	1.0338
1	0	0	3	.	3	.	0	93	3.0542
1	0	0	2	0	1	0	3	94	0
2	0	.	.	0	.	.	0	95	0.8457
2	0	1	.	0	0	1	0	97	0.9677
2	1	2	1	2	1	.	3	2	0.9119
2	1	2	1	0	0	1	2	3	1.3165
2	3	1	0	3	3	3	3	5	0
1	1	2	3	0	2	1	3	5	0.9133
1	1	1	0	.	2	3	3	6	0.3459
1	.	0	3	.	1	1	1	8	1.0071
2	2	2	2	2	1	1	2	10	0.3741
2	3	3	3	.	3	3	3	11	1.151
2	0	3	2	2	3	3	3	13	0.8378
2	2	0	0	0	1	1	0	17	0
2	3	0	2	3	1	1	3	18	0.7147
1	3	3	1	2	3	2	0	24	0.4317
2	0	0	2	2	3	2	2	29	1.7736
2	.	0	3	.	1	.	0	29	0.362
1	2	1	1	1	2	1	3	30	0.8739
2	.	.	.	.	0	.	0	33	1.5205
1	1	1	2	1	1	3	2	33	0.6182
1	2	2	3	1	3	3	3	34	0.7766
1	1	2	1	1	.	0	0	34	2.7043
2	1	1	1	3	3	2	3	35	2.0773
2	.	2	3	0	0	0	2	40	0.8864
2	3	1	0	3	3	3	3	40	1.6143
1	1	.	.	0	1	1	2	42	3.3586
1	2	1	3	1	1	3	0	45	2.4978
1	0	1	1	0	1	3	0	46	0.7226
2	0	.	2	1	1	2	3	48	0.671
1	.	.	.	.	.	.	0	51	0.7755
2	3	1	3	2	2	0	3	51	0.9119
1	1	1	1	0	0	2	2	53	0.6218
1	2	3	3	1	2	3	2	54	0.8079
1	0	.	0	0	2	.	0	54	1.1269
1	3	2	0	3	3	2	3	57	0.6896
1	1	2	2	2	2	3	3	64	0.4998
2	3	0	3	0	3	2	0	64	1.5366
2	1	2	2	2	2	1	0	69	0.8587
1	0	1	0	.	0	2	0	71	0.7253
1	1	2	3	3	3	3	3	72	0.788
2	3	2	3	3	2	2	0	72	1.2513
1	1	1	1	2	2	1	2	74	1.4728
1	1	0	2	0	1	3	0	75	0.3473
1	.	0	3	1	0	3	2	76	0.7089
2	0	0	1	3	3	3	3	76	0.832
1	0	1	1	0	1	2	0	77	0
1	2	0	3	0	0	2	2	77	0.882
2	2	2	2	3	3	1	0	80	0.8376
2	3	.	3	2	3	0	3	88	1.4292
2	3	1	3	3	3	0	3	93	0.7325
1	.	0	1	0	3	1	3	93	0.5149
2	2	3	3	3	3	3	2	94	0.9011
2	1	1	2	1	2	.	2	96	0.8614
2	1	1	2	3	2	1	3	98	0.9119
1	0	1	3	1	1	1	0	100	0.9796
1	2	2	2	1	.	.	.	1	0.8376
2	1	0	3	3	3	0	3	4	0.8337
1	2	2	2	.	.	2	3	5	1.1419
2	2	0	1	1	0	2	2	5	0.3906
1	3	3	3	3	0	3	0	7	1.2432
1	0	0	0	2	0	0	0	8	0
2	2	1	2	3	3	2	2	8	0.8833
2	2	0	1	.	3	1	3	9	2.7227
1	0	.	0	1	.	0	2	10	0.5522
2	0	1	0	0	1	0	3	11	0.8812
1	0	0	.	1	0	1	0	12	0.3473
1	.	1	0	2	2	1	3	13	3.0354
1	.	2	.	0	.	3	0	15	0
2	2	1	3	2	3	.	2	18	0.9212
2	1	2	3	0	2	1	3	18	0.6182
1	1	2	0	1	0	.	2	19	0.6249
2	.	.	0	3	0	2	2	19	0.9206
1	0	0	0	2	1	0	2	21	0
1	0	1	0	0	2	3	0	22	1.5118
2	3	1	0	2	3	1	3	23	0.9
2	2	0	3	3	3	2	0	23	0.8833
1	.	.	.	.	.	1	0	25	2.9614
2	2	0	3	1	1	1	0	26	1.0714
2	1	1	3	0	2	0	2	27	0.8509
1	.	.	3	.	.	.	0	27	0.7023
2	0	2	2	1	3	0	3	29	0.3828
2	2	3	3	1	2	1	0	29	1.6447
1	0	1	1	3	0	1	3	30	1.9186
2	0	2	1	2	0	1	0	31	0.3764
1	1	1	0	1	0	3	0	32	0.8833
1	1	1	3	0	2	2	3	32	1.2133
1	1	1	0	2	0	1	0	33	0.5663
1	.	3	3	2	3	3	3	36	0.7928
1	0	2	1	1	3	2	2	38	1.3416
1	2	3	2	3	0	3	0	39	0
2	3	1	2	1	.	.	0	40	0.6972
1	1	3	0	0	0	0	0	41	0.3459
1	0	0	0	1	1	3	0	41	0.4059
1	0	1	1	1	0	.	0	43	1.5801
1	0	0	0	0	0	0	0	43	2.174
1	0	1	3	0	0	3	2	48	0
2	1	.	1	1	0	0	2	49	0.6312
2	2	0	1	1	3	0	3	50	0
1	.	1	2	.	.	0	1	51	1.4095
2	0	2	3	0	1	1	1	53	0.447
1	1	1	3	2	3	0	0	53	1.5443
2	0	2	3	3	3	3	2	56	0.3925
2	0	1	1	0	0	1	0	58	0.9515
1	0	2	2	1	3	1	3	58	1.323
2	2	2	2	.	.	0	0	62	2.1013
1	0	1	1	1	2	1	0	63	1.2011
1	.	.	3	3	3	0	2	63	1.5985
1	.	.	.	.	.	.	0	65	2.5186
1	1	0	2	0	1	3	0	66	0.8495
2	1	0	3	3	3	2	2	66	0.716
1	.	.	0	.	.	.	0	67	1.413
1	0	0	0	0	3	3	0	69	0
1	3	0	1	0	3	2	2	70	0.6419
1	2	2	.	3	1	1	0	72	0.7075
2	3	1	3	3	3	1	3	73	0.6374
1	.	.	.	.	.	.	0	74	0
2	3	0	3	3	.	.	0	75	0.5292
1	1	0	1	1	0	2	0	75	0.68
1	.	0	0	1	0	2	0	76	0.8301
2	3	3	2	3	3	3	3	78	1.1635
2	2	2	3	2	2	2	3	79	1.413
2	.	.	3	.	3	.	0	80	1.3049
2	1	0	0	1	3	.	2	82	0.6031
1	1	0	2	0	0	2	1	83	0.7883
2	1	2	3	1	2	0	3	84	1.123
1	1	.	1	1	2	2	0	86	0.4074
1	2	3	3	2	3	3	3	87	1.7513
1	0	0	3	0	2	0	0	88	1.6689
1	1	3	3	1	2	3	0	90	0.7767
1	1	2	2	1	3	.	3	91	3.5313
2	1	2	0	0	3	3	3	92	0.478
1	0	1	1	0	0	3	3	93	0
1	.	.	2	3	.	3	3	94	2.6575
1	1	2	.	3	3	3	3	96	0.3407
1	0	0	0	2	1	.	0	97	0
1	1	0	3	2	1	2	0	97	1.2011
1	1	2	3	0	2	3	1	100	0.408
2	1	1	0	2	2	2	2	3	0.8614
1	0	3	3	2	1	3	1	4	1.8995
2	3	2	3	3	3	3	3	7	0.3599
2	.	3	.	.	2	2	2	9	0.3557
1	.	0	0	1	0	3	0	10	0
2	0	0	2	1	2	1	0	12	0
1	1	2	3	0	2	.	3	15	1.525
2	1	2	1	2	1	3	2	15	0.741
2	2	2	2	2	3	2	3	19	0.413
1	0	0	0	1	0	0	0	20	0.7947
1	1	0	0	1	1	2	0	20	0.7235
2	1	1	3	2	1	1	0	21	0.6182
2	3	0	3	3	2	3	0	22	1.487
2	2	2	3	1	0	0	1	24	0.4787
2	1	0	2	1	1	1	1	26	0.8707
1	2	1	3	3	0	.	0	27	1.3589
1	1	3	3	3	3	3	3	29	1.6539
1	3	1	3	1	0	1	0	31	1.3199
1	1	.	3	.	0	3	2	32	0.3557
1	1	2	1	2	1	2	0	32	0.6499
2	0	2	.	1	3	0	2	33	0.6182
2	0	1	2	1	2	2	2	34	0
1	1	0	3	2	3	3	3	37	2.057
1	2	3	3	2	1	2	1	37	0.7226
1	1	.	2	1	2	2	3	39	0.4426
2	.	1	.	3	.	3	3	41	1.0675
1	0	0	3	0	3	1	0	43	0.3701
2	.	2	1	2	1	2	2	44	1.7054
1	3	0	2	2	2	3	2	44	0.9011
1	1	3	3	3	2	3	0	46	1.3242
2	.	.	.	.	.	.	3	47	0
1	1	3	3	1	2	2	0	48	0.3454
2	1	1	0	0	0	0	0	53	0.3096
1	0	.	.	.	.	.	3	53	0.8005
1	3	3	.	3	3	.	2	54	0.3787
2	3	0	2	3	1	1	3	55	0
2	2	0	3	3	1	1	3	57	0.9534
1	2	1	1	2	2	2	2	59	0.8404
1	3	3	3	3	3	3	0	60	0
1	0	.	1	.	1	.	3	62	0
2	2	2	2	2	3	2	3	63	0.9677
1	1	2	2	2	0	2	0	65	1.7683
1	.	2	3	3	0	3	0	65	0.3423
1	3	3	3	3	3	3	0	67	0
1	0	1	.	1	2	3	3	68	1.183
1	1	2	3	3	3	3	2	70	0.9142
1	1	2	3	1	.	3	3	74	1.0771
1	1	0	1	1	1	3	2	74	0.6207
2	2	0	0	.	2	.	1	75	0.3923
1	2	3	2	1	2	3	2	75	0.8515
1	3	0	3	2	3	2	3	76	1.3921
1	0	2	0	3	0	1	3	77	1.5469
2	1	.	2	2	0	1	2	78	0.3424
2	2	3	2	2	2	2	3	78	0.5958
1	3	2	3	3	3	3	2	79	0.9438
1	1	2	0	1	0	3	3	80	1.8762
1	2	2	3	2	2	3	2	80	0
2	.	.	0	3	3	.	0	83	1.1863
2	0	2	1	3	2	1	0	84	0
2	2	1	0	2	2	2	3	85	0.6965
1	.	.	3	3	3	3	2	86	0.7201
2	3	3	3	3	0	2	3	87	0.8376
1	3	3	3	3	2	3	3	88	0.7222
1	2	1	3	3	3	1	0	89	5.43
2	0	0	0	0	2	3	0	93	1.0164
2	.	2	2	2	2	1	1	93	0.961
1	0	2	3	.	1	2	2	94	1.001
2	1	0	.	0	0	0	0	95	0
2	2	3	3	3	.	.	0	97	0.8614
1	3	3	3	1	2	2	0	97	2.1379
1	0	0	.	1	0	0	1	98	0.8228
1	0	3	2	1	3	0	3	99	0.4919
2	2	2	3	1	1	3	0	99	0.8011
2	3	.	1	1	.	1	0	100	1.616
1	.	1	.	2	0	.	0	2	0.4699
1	0	2	1	0	1	.	3	5	1.5118
2	3	0	3	3	3	.	0	5	0.8739
1	2	1	3	2	2	1	3	6	1.4389
2	0	3	3	3	0	0	3	7	0.6804
2	0	1	0	1	3	1	2	10	0
1	1	1	2	1	2	2	0	12	0.9598
1	3	3	3	2	2	3	3	14	0.4281
1	1	1	.	.	2	2	0	16	0
2	2	1	0	3	1	0	3	19	0.6182
1	3	3	3	3	3	3	0	20	0
1	3	2	0	3	0	2	2	21	1.087
1	1	2	2	2	.	1	2	21	1.179
1	1	.	0	0	1	0	3	25	1.0938
1	0	0	2	2	0	3	2	28	0.7481
1	0	0	1	2	2	1	2	33	1.1439
2	3	3	3	.	3	3	3	36	2.3743
1	2	1	3	0	2	3	3	36	0
1	.	.	3	0	0	2	2	38	1.2214
2	0	0	3	2	2	2	3	38	0.771
1	0	0	0	0	0	1	2	39	0.3083
2	2	1	1	.	2	.	0	43	0.3749
2	0	3	3	3	3	3	3	43	0.8145
1	1	1	3	0	3	3	0	44	0
1	0	0	1	1	1	0	0	45	0
1	3	1	2	0	1	2	3	48	0
1	2	1	3	3	3	3	3	50	0.6899
1	1	0	0	2	2	2	0	51	0.3231
2	1	3	.	.	2	.	3	52	0.7582
2	2	1	0	1	1	1	0	53	0.9985
1	1	0	1	0	2	1	2	53	1.0463
2	1	0	1	0	2	1	3	55	0.3877
1	.	0	1	0	.	.	0	57	1.7585
2	0	0	3	1	3	2	1	58	0
1	1	0	2	0	2	2	2	59	0.3864
2	.	2	1	1	3	2	2	60	1.8561
2	3	3	1	3	3	0	3	61	0.6218
2	1	0	2	3	3	.	3	62	0.7266
2	3	3	3	3	3	3	3	62	0.8537
1	1	1	2	2	2	3	2	65	0.8273
1	2	1	3	3	3	3	3	68	0.4942
1	.	2	3	3	3	3	0	69	2.3481
2	3	0	3	2	1	0	2	69	1.1661
1	1	1	3	1	2	3	2	71	0.7589
2	3	2	2	2	3	1	2	72	0.8986
1	2	1	1	2	2	1	0	73	0.8792
1	1	0	1	.	0	3	2	74	0.8273
2	2	3	3	1	2	3	0	77	1.8954
1	3	0	3	.	3	3	3	78	0.5082
1	1	2	3	1	0	3	3	79	0.7504
1	0	2	3	0	0	3	3	79	0.7434
2	2	1	0	0	0	1	2	82	0.8273
2	.	.	.	3	3	.	3	82	1.5739
2	3	0	2	0	2	0	2	85	0
1	.	.	.	.	.	.	0	87	0.8965
1	.	3	.	3	1	2	0	88	0
1	2	2	3	3	3	3	2	88	0.5064
1	1	.	.	.	.	3	0	89	0.7284
1	2	1	1	1	1	0	0	91	1.339
2	0	1	0	0	0	1	0	92	0.5793
2	2	2	2	3	2	1	3	94	0.3431
1	0	0	1	0	2	1	2	94	0.6129
2	1	2	1	0	2	1	3	96	0.3366
2	2	1	.	2	2	.	2	96	0.7683
2	0	2	2	1	.	3	1	98	0.7819
1	0	1	3	1	2	3	3	99	0.4217
2	.	.	.	.	.	.	0	1	1.6757
2	3	0	2	3	3	3	0	2	0.4841
2	0	2	3	0	0	3	0	2	0.758
2	2	1	1	2	3	2	3	3	0.8092
1	.	.	.	3	.	3	.	3	0.3335
1	.	1	3	0	0	2	3	5	1.1344
2	.	1	3	3	0	2	0	5	0.6647
2	2	1	3	3	3	3	0	6	1.0575
2	.	.	.	.	.	.	0	7	0.3916
2	1	2	2	0	0	0	2	8	0.375
1	2	1	2	2	3	2	3	9	0.3267
2	0	0	0	2	3	1	3	11	0.9677
2	0	0	1	1	2	1	3	12	0.8614
2	0	3	1	0	0	0	0	16	0
1	2	.	.	2	2	2	3	17	0
2	1	3	3	3	3	0	3	18	0
2	3	3	3	3	3	2	3	20	0.5989
2	2	2	3	3	3	2	3	21	0
1	0	2	0	1	3	3	3	22	1.0338
2	2	0	2	2	2	2	0	23	0.8727
1	3	2	1	1	3	2	2	25	1.7794
1	.	1	1	2	.	3	0	28	0.4513
2	3	0	3	3	3	.	3	31	0.8099
1	.	.	.	.	.	.	0	32	0
1	1	1	.	2	3	1	3	34	1.8304
2	0	3	0	3	0	0	3	35	0.3567
2	1	2	.	.	2	.	0	36	0.9821
1	.	.	.	.	3	.	0	37	0
2	3	2	2	2	1	1	3	38	0.9418
1	.	.	.	.	0	.	0	38	0
1	0	1	2	2	0	.	2	43	0.7126
1	1	1	1	0	2	3	0	44	0
1	1	2	0	3	1	3	3	45	0.4836
1	3	0	3	0	1	3	1	46	0.7266
2	3	2	3	1	3	1	2	49	0
1	3	2	1	3	0	3	2	52	0
1	1	.	2	.	0	2	1	54	0.385
1	3	3	.	2	.	.	0	56	0
1	0	0	2	0	0	0	0	57	0.5288
1	2	2	3	1	2	3	2	59	0.9539
2	0	0	1	1	0	0	2	60	0.7071
2	1	0	0	0	3	1	3	61	1.4821
1	2	0	3	1	1	3	0	62	0.9458
1	1	.	2	1	.	1	0	64	0.8399
1	3	0	.	.	3	.	3	68	3.0479
2	.	.	.	.	.	.	0	70	0.4138
1	.	1	3	3	0	1	0	71	0.8482
1	0	.	1	1	1	2	3	76	0.7508
2	0	0	2	1	3	3	3	77	0.3707
2	1	.	.	0	0	.	0	78	0
1	2	2	1	1	3	3	3	79	0.7099
1	1	1	.	2	3	1	0	82	0.7586
1	0	0	0	1	0	.	0	83	0.823
1	0	1	.	1	0	0	2	84	1.0058
2	3	3	0	3	1	0	2	87	3.6407
1	2	1	3	3	2	3	3	89	1.3699
2	1	0	1	2	2	0	0	89	0.8722
2	2	.	1	0	2	.	0	90	0.3893
2	.	1	1	0	.	3	3	91	0
1	0	0	1	0	1	3	2	91	0.6307
1	2	1	1	0	0	.	0	93	0.8715
1	0	0	0	1	0	2	0	94	0.4915
1	2	1	2	0	2	3	2	94	0.6537
2	3	3	3	3	3	3	1	96	0
1	0	0	0	2	0	2	3	97	0
1	2	3	3	0	1	2	0	98	0
2	.	3	.	.	.	.	0	98	0.8587
1	2	2	2	1	.	2	3	1	1.0652
1	1	0	.	2	3	3	1	3	0.6333
2	0	2	0	0	3	1	3	4	0.4035
2	1	2	1	0	1	1	2	5	2.4498
2	0	2	1	1	0	2	0	6	1.2903
2	1	3	2	3	1	0	0	7	1.4114
1	1	0	1	1	3	.	0	12	1.5588
1	0	0	1	0	1	2	0	13	1.0034
2	3	3	0	2	3	0	3	15	0.7235
2	2	1	2	2	0	.	0	17	0
2	.	1	3	1	3	1	0	17	0.9752
2	3	2	3	2	1	1	3	18	1.4371
2	3	0	2	2	3	0	3	21	0.2803
1	3	2	0	1	3	1	3	23	0.3407
2	1	0	0	1	2	1	3	25	0
1	1	1	2	1	1	2	2	25	0.741
1	1	2	3	0	3	2	3	26	0.8739
2	1	3	0	2	2	0	2	28	1.284
1	1	0	1	0	2	0	2	29	1.525
1	2	0	.	2	0	2	3	30	0.946
2	.	.	.	.	.	.	0	34	0
2	3	2	0	2	3	3	3	40	1.4006
1	3	1	1	2	1	0	1	41	0.6416
1	.	.	.	.	0	1	0	43	0.6296
2	3	2	3	3	3	0	3	46	0
2	1	1	.	3	2	2	0	48	1.0376
2	0	1	1	0	1	2	0	52	0.9799
2	.	3	.	2	3	.	2	53	0
1	1	0	0	1	1	0	0	55	1.6314
1	0	.	1	0	3	.	0	60	1.51
2	.	2	3	2	.	.	0	61	0
2	.	.	.	.	.	.	1	61	3.6086
2	.	1	.	.	.	1	0	64	0.5748
2	1	.	1	1	2	0	0	64	0.6493
2	0	3	2	0	0	0	0	65	0.3484
2	2	3	3	3	3	3	3	67	0
1	2	0	2	2	3	2	3	68	0.4253
1	2	2	3	1	1	3	2	69	1.321
2	0	1	2	1	2	2	3	70	1.5003
1	0	3	3	1	3	3	3	71	6.1986
1	.	0	0	0	0	0	0	71	0
1	1	1	3	1	2	.	0	73	1.2003
1	0	2	2	1	0	0	3	74	1.4879
1	.	.	.	.	.	.	0	74	1.2752
2	2	2	2	2	2	0	3	75	1.4562
2	0	0	1	1	0	0	0	75	1.8935
2	0	0	.	.	0	0	0	77	0.764
1	1	0	.	1	.	0	0	80	1.776
1	3	.	.	.	3	.	1	81	0.9065
2	3	3	3	.	3	3	3	81	0.3749
1	.	.	1	1	1	1	0	82	0.8079
2	3	1	2	3	3	1	3	83	1.8458
2	3	1	3	3	3	3	2	83	0.697
2	2	3	2	0	1	.	0	84	0
1	0	1	3	1	0	2	2	87	1.4617
2	1	2	2	3	0	2	3	88	0
1	1	0	0	1	2	3	3	89	0.7835
2	1	0	3	3	0	0	3	90	0.7508
1	.	1	3	0	1	2	3	91	0.7819
1	2	2	2	3	0	3	2	91	0.2673
2	.	0	3	1	3	.	0	93	0.431
1	0	0	0	0	3	1	0	95	0.8032
1	0	1	.	2	3	3	0	96	0
1	2	2	3	3	3	3	2	97	1.3729
2	1	0	1	0	0	0	2	97	0.8008
2	.	1	3	.	.	.	0	99	0.9853
2	2	3	3	2	.	0	0	100	0
1	.	.	.	.	.	.	2	3	0
2	2	2	3	1	0	1	0	5	0.6249
2	1	2	0	1	2	2	3	5	0.8897
1	3	0	3	0	1	2	0	6	1.4855
2	2	0	2	1	2	2	0	8	0
2	.	3	.	.	3	.	0	9	0.9628
1	.	1	1	0	1	.	0	10	0.8495
1	0	3	2	2	1	3	3	11	0
2	2	0	2	2	2	2	0	12	0.949
2	0	0	1	.	.	3	2	13	0.8356
1	.	.	.	.	.	.	0	13	2.0777
1	3	2	3	3	3	3	3	20	0.8032
1	0	0	.	3	.	.	0	22	1.7548
2	3	2	3	2	3	3	3	23	1.5988
2	1	2	3	3	2	2	2	24	0.3802
2	3	3	3	3	3	3	0	26	0
2	0	1	1	0	.	1	2	27	0.8868
1	1	0	0	2	1	2	2	27	0.8092
2	1	0	0	1	0	1	2	28	0
2	1	1	3	1	1	3	0	29	0.8461
1	1	.	1	1	3	2	1	29	0.3526
2	3	3	3	3	3	0	3	30	0
2	.	0	3	3	2	0	0	30	0.9284
1	.	.	.	.	.	.	3	31	0
2	3	.	3	3	.	.	0	33	0
1	2	1	0	1	1	2	2	34	0.7948
1	3	3	3	3	2	3	1	35	0.7651
1	1	0	2	0	0	2	0	36	0.4298
2	.	3	3	2	2	3	3	39	0.3934
1	1	1	2	0	2	2	1	40	1.2217
2	3	1	3	3	3	3	3	41	0.3733
1	0	0	1	0	0	0	3	44	0.9065
1	0	1	0	1	1	1	2	45	1.4104
2	2	2	0	1	2	2	3	46	0.6182
2	3	3	3	3	3	3	3	48	0.7589
2	.	.	.	.	3	.	0	49	1.5091
1	3	0	3	1	3	3	3	49	0.3036
2	1	2	0	2	0	1	3	50	0.5958
1	2	2	2	1	0	.	0	52	0.6798
2	3	1	3	3	3	1	3	52	1.6885
1	.	0	.	.	1	.	0	53	1.4728
2	1	1	3	3	3	3	2	53	0
2	1	0	0	1	0	0	0	54	0.3591
1	1	1	3	1	1	3	0	54	0.9842
2	2	1	3	1	3	0	2	55	0.7071
2	2	2	1	1	2	2	0	56	0.6279
2	3	2	3	1	2	1	2	58	0.7474
2	2	1	2	2	1	1	0	59	0.523
2	0	3	2	0	3	1	3	61	1.6517
2	0	0	3	2	1	1	3	62	0.4426
1	.	.	.	3	.	2	3	63	1.2954
1	3	0	3	3	3	3	3	63	1.1999
2	.	3	0	3	2	0	2	65	1.8755
2	2	1	1	1	1	1	2	66	1.9849
1	2	2	3	3	2	2	3	71	0.4253
2	1	3	3	1	0	1	0	72	0.3436
1	0	0	1	0	0	0	1	72	0.598
2	0	3	3	3	0	2	2	79	0.3615
1	1	0	2	1	2	3	2	79	0.4459
2	1	2	2	0	3	1	3	81	0.3787
1	3	0	3	0	.	3	2	82	0.3072
2	1	3	3	2	2	0	3	82	2.3043
1	2	1	2	1	2	2	0	83	0
2	0	.	.	.	.	.	0	84	0
2	0	0	.	0	0	.	3	85	0.7235
2	2	3	2	2	2	1	3	86	0.8242
1	2	3	2	0	3	3	2	90	0
2	3	3	3	0	0	1	1	91	0.8177
1	1	1	1	.	0	1	2	94	0
1	1	3	3	0	3	0	3	94	2.4343
1	1	1	1	1	2	3	3	95	1.1305
1	1	1	0	1	1	3	0	96	0.803
1	1	1	.	0	0	.	2	98	1.4439
1	0	.	3	.	0	.	0	99	3.7246
1	0	.	0	1	1	0	0	100	1.168
2	1	0	1	.	2	.	3	100	0
