1	0	0	0	0	121	0.842
1	1	0	1	0	123	1.0133
2	1	1	1	0	121	0.3672
1	0	0	1	1	118	0.3663
2	0	0	1	0	113	0.6463
1	1	0	1	1	104	0.6881
2	1	0	1	1	105	4.6151
1	0	0	1	1	124	1.0097
2	0	1	1	0	121	0.6005
1	0	0	0	0	121	0
2	0	0	1	1	116	0
1	1	1	1	1	106	0.8927
2	1	1	1	1	113	1.1928
2	1	0	1	1	110	0.3187
2	0	0	1	1	101	0.955
2	1	1	1	1	115	0.8146
1	1	0	1	0	131	0.2579
2	1	1	1	0	105	1.6855
1	0	0	1	0	126	1.4366
1	0	0	1	1	121	0.8633
1	1	0	1	1	128	0.5128
1	.	1	.	.	103	2.7363
1	0	0	1	1	108	0.5161
1	0	0	0	1	121	1.1951
1	0	0	1	1	103	0.8568
2	1	0	1	1	101	0.9509
2	0	0	1	0	128	0.9365
1	0	0	0	1	108	0
1	0	0	1	1	131	0.9898
1	1	1	1	1	111	0.2235
1	0	0	1	1	101	0.4837
2	0	1	1	1	118	0.6132
2	0	0	1	0	132	0
1	0	0	1	0	108	0.5432
2	0	0	0	1	101	0.9487
2	0	0	0	1	119	1.986
1	.	0	.	.	123	1.3109
1	0	0	0	0	107	0.2155
2	0	0	1	1	115	0.7467
1	1	0	1	1	105	0.6856
1	0	0	1	0	108	0.9194
2	1	1	1	1	109	1.2573
1	1	0	1	1	116	0.5226
2	0	0	1	1	118	0.9977
2	0	1	1	1	116	0
2	1	1	1	0	123	0
2	1	0	1	1	119	0.2869
1	0	0	1	1	113	0
1	0	0	0	1	107	0.4548
2	.	0	.	.	117	0.6012
2	0	1	0	1	117	1.5643
1	.	1	0	1	125	0.4461
2	0	0	1	1	106	0.3382
2	0	1	1	0	101	0.5908
1	0	0	0	0	111	1.0304
2	0	0	0	1	124	0.5262
2	1	0	1	1	121	1.2383
1	0	0	1	0	103	0.5791
1	0	0	0	0	131	0.6689
2	0	0	1	1	123	0
2	0	0	0	1	110	0
2	0	1	1	1	101	4.9016
1	0	1	0	0	118	1.6041
1	0	0	0	0	121	0.4916
2	1	1	1	1	117	0.3373
2	1	0	1	1	129	0.482
2	0	1	1	1	118	0.5024
2	1	0	1	1	114	1.4692
2	0	0	0	0	127	0.2116
2	1	0	0	1	127	1.062
1	1	0	0	0	129	0.5884
1	1	0	1	1	119	0.3112
2	1	1	1	1	112	0.5505
1	0	0	1	1	108	1.3641
2	0	0	1	1	115	1.0373
1	.	0	.	.	123	0
2	0	0	1	0	112	1.8555
2	0	0	1	0	133	0.3408
2	0	0	1	1	104	0.4323
2	1	0	1	1	107	0.9224
2	1	0	1	1	110	0.5786
1	1	0	1	1	103	1.1928
1	0	0	1	1	133	0.8379
1	1	0	1	1	119	0
1	0	0	.	1	108	0
2	1	1	1	1	119	1.5997
2	.	0	.	.	125	0
2	1	1	1	1	128	0.3689
1	0	0	1	1	121	1.1457
1	0	0	1	0	107	0.9419
1	0	0	0	0	107	0
2	0	0	1	1	127	0
1	0	0	1	1	110	0.4571
2	0	1	0	0	122	0.5509
2	1	0	0	1	103	1.6382
2	0	0	1	1	132	2.0076
1	.	0	.	.	124	0.9799
2	1	1	1	1	101	0.7216
2	1	1	0	1	101	1.0883
1	0	0	1	1	112	0.9007
2	.	0	1	1	129	0.6549
2	0	1	0	1	125	1.165
1	0	0	1	1	131	1.0241
1	0	0	1	0	119	1.3764
1	1	1	1	1	116	0.9319
2	0	0	0	1	125	1.3433
2	0	1	0	0	130	0.5592
1	1	0	1	1	114	1.2327
2	0	0	1	1	131	0.4849
2	.	0	1	0	116	1.0485
1	0	0	0	0	116	1.4578
1	0	0	0	0	108	0.1412
1	0	0	0	0	118	0
1	0	0	1	0	126	0.9431
1	1	0	1	0	129	0
1	0	1	1	1	126	0.4955
1	0	0	1	1	125	0.2936
2	0	0	1	1	125	0.5902
1	0	0	1	1	114	0.6702
1	.	1	.	.	127	0.6246
1	0	0	0	0	127	1.3851
2	0	1	1	1	118	1.3854
2	0	0	0	1	106	1.5125
2	0	0	1	1	110	0.4169
1	0	0	0	1	118	0.312
2	0	0	0	1	101	1.6385
2	1	1	1	1	115	0.9627
2	0	0	0	0	108	1.0944
1	0	1	0	0	117	1.7961
1	1	1	1	0	123	0.4052
1	0	0	0	0	118	0.8775
2	0	0	1	1	131	0.8419
1	0	0	1	1	116	0.291
2	0	0	1	1	131	0
2	0	0	0	0	125	0.44
2	0	1	1	1	126	0.8165
1	0	0	1	1	116	0
2	.	0	1	.	119	0.3878
2	0	1	1	0	126	0.6711
2	0	0	0	0	103	1.3335
2	1	0	1	1	120	0.7486
1	0	0	1	1	108	0.3008
2	0	0	0	1	115	0.6031
2	1	1	1	1	119	0.8115
1	0	0	1	1	106	0.3478
1	0	0	0	0	110	1.2043
2	0	0	1	0	127	0.4269
1	0	0	1	1	121	0.8575
1	0	1	1	1	101	0.7
2	1	0	1	0	106	0.9713
2	0	0	1	0	114	0.947
2	0	0	0	0	113	0
2	0	0	1	1	110	1.0347
2	0	1	1	1	116	1.5397
1	.	0	1	1	123	0.9601
1	.	0	.	.	115	0.3029
2	1	1	0	1	127	0.5008
1	0	0	0	0	107	0
2	1	0	1	0	101	1.8227
1	0	0	1	0	119	0.2579
1	0	0	1	1	131	0.666
1	0	0	0	1	129	0.5224
2	0	1	1	0	105	1.3356
2	0	0	0	0	122	0.4238
1	1	0	1	0	121	0.2316
2	0	1	0	0	119	0.5075
2	1	0	1	1	110	0.5673
1	0	0	0	1	129	1.1843
2	0	0	1	0	112	0.6207
1	0	0	0	0	106	1.0968
2	0	0	1	1	121	1.6213
2	0	0	1	1	131	0.3165
2	0	0	1	0	120	2.7627
2	0	1	1	0	119	0
1	0	1	0	0	113	4.3396
1	1	1	1	1	131	3.68
1	0	0	1	1	108	0
1	1	0	1	1	107	1.3836
1	1	1	1	1	131	0.1713
2	0	0	1	0	126	0.7273
2	0	0	1	0	113	0.8658
2	0	1	0	1	118	0.2099
1	0	0	0	0	132	1.658
2	0	0	0	1	124	1.2323
1	0	0	0	0	124	0
1	0	0	1	1	118	0.1921
1	0	0	1	1	122	0.7576
1	.	1	1	1	119	1.1033
1	0	0	1	1	118	0.7723
1	0	0	1	0	126	1.3239
1	1	0	1	0	117	0.4815
1	1	1	1	1	123	1.8545
2	1	0	1	1	115	1.3092
2	1	0	0	0	119	1.4371
2	1	0	1	1	118	0.276
1	0	1	0	0	119	1.3039
2	0	1	1	1	126	0.3135
1	1	1	1	1	110	0.6408
1	0	0	1	1	129	2.3279
2	0	0	0	0	116	0.1942
1	0	1	1	1	107	2.6568
2	0	0	1	1	105	1.0416
1	0	0	1	1	131	1.0313
2	0	0	1	1	120	0.3565
2	1	0	1	1	113	0.9089
1	1	1	1	0	121	0
1	0	1	1	1	104	1.64
1	0	0	1	1	120	0.8008
1	0	1	1	0	107	0.9481
1	1	0	0	0	119	0.2573
1	1	0	1	1	133	0
1	0	0	1	1	118	0.1886
1	0	0	0	1	113	1.2656
2	0	0	1	1	126	1.2175
2	1	0	0	0	129	0.3776
1	0	0	1	0	112	0.4629
1	1	0	0	1	117	1.202
1	0	0	0	1	107	0
1	0	0	1	1	119	1.5555
1	0	1	1	1	124	0
1	.	1	.	.	124	0.9623
1	0	1	1	1	106	0.4587
2	.	1	.	.	125	0.2991
1	0	0	1	1	131	1.7748
2	0	0	0	1	122	0.5333
1	.	0	.	.	124	1.0565
1	0	1	1	1	109	1.2573
2	0	1	0	0	101	1.9044
1	0	1	1	1	117	0
2	0	0	0	1	130	0.5061
1	0	0	1	1	109	1.5462
2	0	0	0	0	121	0.8626
2	0	0	1	0	131	0.3387
2	1	0	0	1	123	0
1	0	0	1	0	126	0.8668
1	1	1	1	0	110	0
2	0	0	1	1	125	0.7246
2	0	0	1	1	112	0
2	0	0	1	1	122	0.3476
2	0	0	0	0	121	0.5472
2	1	0	1	1	117	1.0022
1	1	0	0	1	132	1.4334
1	0	1	1	0	107	0.4163
1	.	1	.	.	106	0.4807
2	0	0	0	0	118	0.7643
1	0	1	0	1	109	0.139
2	0	0	0	0	125	0.6642
2	1	0	0	1	121	2.0413
1	0	0	0	0	123	1.026
2	0	1	1	0	119	2.5263
2	.	0	.	.	101	0.7282
2	0	0	1	1	108	0.3598
1	0	0	1	1	125	0.5899
1	1	0	1	1	126	1.4935
1	0	1	0	0	123	0.6113
2	0	0	1	1	115	0.4647
1	0	0	1	1	110	0.4632
2	0	0	0	1	124	1.7284
2	0	0	1	1	110	0.3877
2	0	1	1	1	124	1.6633
1	0	0	0	0	113	1.8186
2	0	0	1	1	104	0
1	0	0	1	1	111	2.2337
1	0	0	0	0	118	0
2	0	0	1	1	112	1.5457
2	.	0	.	0	106	0.5748
2	0	0	0	0	108	0.7509
2	0	1	1	0	121	2.9565
2	0	0	1	1	121	1.4457
2	1	1	1	1	112	0.5566
1	1	0	0	0	119	1.4181
1	0	0	1	0	112	3.9394
2	0	0	0	1	111	0.5047
2	0	1	1	1	132	0.7492
2	1	1	1	1	129	4.7913
1	1	0	0	1	101	2.7473
2	1	0	1	1	125	0.2736
1	0	0	1	1	110	0.5994
1	1	1	1	1	123	0
1	0	0	1	1	118	0.6415
1	0	0	0	0	107	0.5077
2	0	0	0	1	118	0.3304
1	0	0	1	1	109	0.7686
2	0	0	0	0	116	0.597
1	0	0	0	0	126	0
1	0	0	1	0	122	0.3452
2	0	0	1	1	116	0
1	0	0	1	1	120	1.1584
1	0	0	0	0	108	0.5432
1	0	1	0	0	129	0.3766
2	0	0	1	0	120	0.7667
2	0	1	1	0	105	0
2	1	0	1	0	104	1.5904
2	0	0	0	1	101	1.8993
2	1	0	1	0	114	0.7377
2	1	1	1	1	112	0.4804
2	1	0	1	0	107	1.1713
1	1	1	1	1	121	0.9317
1	0	1	1	0	132	1.4959
1	0	0	0	0	110	0.2684
1	1	0	0	0	124	0.6501
2	.	0	.	.	113	1.2447
2	0	0	1	1	129	0
1	0	0	0	1	113	0.344
2	0	0	0	1	125	0.305
2	.	0	1	.	119	1.4267
2	0	0	1	1	125	0.4993
2	0	1	1	1	107	0.5618
2	0	0	1	1	114	0.6643
2	0	0	1	1	126	1.5282
1	.	0	.	.	103	1.2721
2	0	1	1	1	125	0.6709
2	0	0	0	1	123	0.4101
1	0	0	0	1	121	0.7601
1	1	0	1	1	117	0.8848
2	0	0	1	0	116	0
1	1	0	1	1	124	0.6111
2	0	0	0	1	116	1.7856
2	0	0	1	1	106	0.7739
2	0	0	1	1	118	0.0885
1	1	1	1	1	126	0.3724
2	1	1	1	1	115	0
2	0	0	1	0	126	0.957
1	0	0	1	0	123	1.7892
1	0	1	1	1	107	0.774
1	0	1	1	0	104	0
1	0	0	0	0	105	0.6269
2	1	1	1	1	133	0.872
1	0	1	.	.	121	2.8654
2	1	0	1	1	132	1.2928
2	0	0	1	1	119	0
1	0	0	1	1	107	0.7048
2	1	1	1	0	114	1.628
1	0	0	1	.	123	0
2	0	0	1	0	110	0.3128
2	1	0	1	0	112	0.2691
2	0	0	1	1	116	0.2479
1	1	1	1	1	117	0.7684
2	1	1	0	1	113	0.7931
2	0	0	0	1	112	1.7767
1	0	0	1	1	114	0.8757
2	1	0	1	0	116	1.7683
2	0	0	1	1	129	0.5163
2	0	0	1	0	129	1.2041
1	0	0	0	0	129	0.4743
2	0	1	1	1	117	0.6315
1	1	0	1	1	123	1.0084
2	0	0	1	1	121	0.8654
1	0	0	0	1	126	2.7617
2	.	0	.	.	120	0.6152
2	1	1	1	1	103	1.1292
1	0	0	1	1	126	1.1571
2	0	0	1	1	119	0.8204
2	0	0	0	1	114	1.0273
1	1	0	1	1	120	0.3753
1	0	0	1	1	116	0.2601
1	0	0	1	0	132	1.2026
1	0	1	1	1	104	0.3545
1	0	0	1	1	131	0.764
1	0	0	1	1	113	3.7111
2	.	1	0	1	133	1.0738
2	1	0	1	0	116	0.3084
1	0	0	0	1	122	0.8267
2	0	0	1	1	121	0.362
1	1	1	1	1	119	0.7355
1	.	0	.	.	132	0.5829
1	0	0	1	0	104	0.3198
1	0	0	0	0	104	1.34
2	0	0	1	1	132	1.4967
2	0	0	1	1	110	1.531
1	1	0	0	1	108	0.5679
1	0	0	1	1	118	0.7999
2	.	0	0	0	126	0.4803
2	0	0	1	0	132	1.9848
2	0	0	1	0	117	0.2724
1	0	0	1	0	106	1.6903
2	1	0	1	1	104	0.2977
2	0	0	0	1	132	2.2643
1	0	0	1	1	113	2.1045
1	1	0	1	1	131	0.788
2	0	0	1	0	108	0.707
2	0	0	1	0	129	0
2	0	0	1	1	113	0.9064
2	0	0	1	0	103	0.8382
1	0	0	1	1	124	1.4589
2	0	0	0	0	132	0.814
1	0	1	1	1	123	1.1923
2	0	1	0	0	106	0.909
1	.	0	.	.	123	0
2	1	0	1	1	104	1.9101
2	0	0	1	1	103	0
2	0	0	0	0	124	0.9785
1	1	0	1	1	119	0.5547
2	0	0	1	1	113	0.8292
2	0	0	1	1	123	0.2853
1	0	0	1	1	128	0
1	0	0	1	1	131	0.9821
2	0	0	0	1	123	0
1	0	0	0	0	126	0.5811
1	1	0	1	1	131	0.3161
1	0	1	1	1	117	0
1	0	0	0	1	118	1.2459
1	1	0	1	1	115	0.6138
1	0	0	0	0	107	0.9017
1	0	0	1	1	130	1.248
1	0	0	1	0	118	0.7712
2	1	0	1	1	127	0.2198
1	0	1	1	1	126	0.6572
1	0	1	1	1	101	1.8553
1	1	0	1	1	116	0.3942
2	0	0	1	1	110	1.8014
2	0	0	1	1	105	1.449
1	0	0	0	1	132	0.5243
2	1	0	0	1	125	0.4412
2	1	0	1	1	129	1.0008
2	0	0	1	1	103	1.443
1	0	0	0	0	108	0.5164
2	0	0	1	1	103	1.2825
1	0	0	0	0	126	0.4093
1	1	0	1	1	124	0.3446
1	1	1	0	0	126	1.3625
2	0	0	1	0	104	0
2	.	0	.	.	122	0
2	0	0	1	1	116	0
1	0	0	0	0	129	0.9203
1	0	0	1	1	103	0.9774
1	0	0	1	1	122	0.7515
2	0	0	1	1	132	2.0961
2	0	0	1	1	106	0
1	0	0	1	1	121	0
1	0	1	1	0	114	0.3152
1	1	0	1	1	106	0.7529
2	0	0	0	1	128	0
1	0	0	0	1	120	0.4644
1	0	0	1	1	126	1.2377
1	0	0	1	0	112	0.769
2	1	1	1	1	109	0.7686
2	0	0	1	1	107	0.8245
1	0	0	0	1	116	1.3864
1	1	0	1	1	109	1.7889
2	0	0	1	1	101	1.5226
2	0	1	1	1	103	0.7876
1	1	1	1	1	131	0
1	0	0	0	0	117	0.3695
1	0	0	1	1	108	0
1	0	0	0	1	121	0.9334
2	0	1	1	1	106	0.5028
2	1	1	1	1	115	1.4337
2	0	0	1	1	121	2.0743
1	0	0	0	0	103	2.8084
1	0	0	1	1	127	0.297
1	0	0	1	1	127	0
2	0	1	1	1	131	1.1931
2	0	0	1	1	119	0.5579
1	0	0	1	0	126	0.9881
1	1	1	1	1	107	0.4308
2	0	0	0	1	108	0.6192
1	0	1	0	0	101	1.3265
2	0	0	1	0	104	1.6915
1	0	0	1	0	120	0.4138
1	0	0	1	1	129	0.2553
2	0	1	0	0	101	0.4687
1	0	0	1	0	114	0.7212
1	0	1	0	1	123	0.6512
1	0	0	0	1	112	0.4683
2	1	1	1	1	109	0.4149
1	0	0	1	0	118	0.2505
1	1	0	1	1	125	0.6305
1	0	0	1	0	115	1.4246
1	0	0	1	1	121	0
2	0	0	1	1	132	0.8903
1	0	0	1	1	126	1.5135
2	0	0	1	1	120	0.5841
1	0	0	0	1	123	0.9717
1	0	0	1	0	117	1.6801
1	0	0	1	0	131	0.3593
2	1	1	1	1	109	0.8944
1	0	0	0	0	133	0.519
1	.	0	.	.	132	2.0077
1	0	1	1	0	118	0.2231
1	1	1	1	1	111	0.6604
1	1	0	1	1	127	1.8478
2	0	0	0	0	121	0.2882
2	.	0	.	.	110	0.4286
1	0	0	1	1	121	0.9425
1	0	0	1	1	119	0.585
2	0	0	0	1	113	0.9809
2	1	0	1	0	112	0.6575
2	0	0	1	1	118	0.9074
1	0	0	1	1	104	0.8669
1	1	0	0	1	123	0.6868
1	0	0	0	1	132	1.1547
1	0	0	1	1	108	1.0633
2	0	0	1	1	111	1.5172
2	0	1	0	1	112	0.9399
1	1	1	1	1	104	0.7523
1	1	0	1	1	108	0.3216
2	1	1	1	1	107	0.9481
2	.	0	.	.	101	0.5309
1	1	1	1	1	124	0.645
1	0	1	1	0	106	0.3
1	1	1	1	1	126	1.633
1	0	0	0	0	117	1.1444
1	0	0	1	1	127	0.3378
1	1	0	1	1	123	0.3508
2	0	0	1	0	123	1.0618
2	0	0	0	0	112	0.5256
2	1	1	1	1	106	0.8146
1	0	0	1	1	121	0.5316
2	0	0	0	0	114	0.8121
2	0	0	1	1	104	0.9551
2	1	0	1	1	113	0.846
2	.	1	.	.	125	0.8799
2	1	0	1	1	105	2.0566
2	0	0	0	0	127	0.7233
2	1	0	1	0	109	0.6498
2	1	0	1	1	113	0.7953
2	0	0	1	1	111	0.7992
1	1	1	1	1	124	1.9762
1	0	0	1	1	108	1.7213
2	0	0	1	0	114	1.2828
1	0	0	0	0	127	0.6259
2	0	1	1	1	123	0.6878
1	0	0	1	1	109	0
1	0	0	1	0	132	2.3366
1	0	1	1	0	117	1.0022
2	0	0	0	1	123	0.624
2	0	0	0	1	132	0
2	0	0	1	1	116	1.7644
1	1	0	1	0	129	0.9239
2	0	0	0	0	115	0.8721
2	0	0	1	0	118	0.7826
1	1	0	1	1	112	0.9895
1	0	0	1	0	110	1.0318
2	0	0	0	1	114	1.9665
1	0	0	0	0	132	0.99
2	1	0	1	1	124	0
1	0	0	0	0	123	1.1436
1	0	0	1	0	113	2.1723
2	1	0	0	0	127	2.7986
2	0	0	1	1	122	0.8194
2	0	0	1	1	106	0
2	0	0	1	0	107	0.2633
1	0	0	1	0	112	0.5634
1	1	1	1	1	123	0.6971
2	0	1	1	0	125	0.9084
1	0	0	0	0	112	0.9332
2	0	0	1	1	116	0.4336
2	1	1	1	1	108	0.5248
2	0	0	1	1	126	2.938
1	0	1	0	1	104	0.267
2	1	0	1	1	127	0.307
1	0	0	1	1	103	0.3271
2	0	0	0	0	133	0.4231
1	0	0	1	0	107	1.4324
1	0	0	1	0	117	1.071
2	0	0	1	0	110	0.9361
1	.	0	.	.	109	0.8023
1	0	0	0	.	123	0.7976
1	0	0	1	1	129	0.571
1	0	0	0	0	117	0.5717
2	0	1	1	0	107	0.5216
2	0	1	1	0	101	1.4275
2	0	1	1	1	115	1.1137
2	0	0	0	0	107	0.5319
1	0	0	1	1	129	1.1157
2	0	0	1	0	114	0.2761
2	0	0	1	1	113	0
2	0	1	0	0	120	0.9288
2	1	0	1	1	132	0.5192
1	1	0	1	1	123	0.6878
1	0	0	1	1	113	2.1473
2	0	0	0	0	128	0.9185
1	1	1	1	1	106	0.5843
2	0	1	1	1	106	1.0742
1	0	0	0	0	118	0.3992
2	0	0	1	1	130	0.7002
2	0	0	1	0	119	0.3366
1	0	0	0	0	113	0.4143
1	.	0	.	.	124	0
2	0	1	1	0	126	0.515
1	0	0	0	1	106	1.0083
1	0	1	1	1	116	1.0748
2	0	1	1	1	115	1.2312
1	0	0	1	1	112	0.4334
2	0	0	1	1	110	2.2184
1	0	1	0	0	114	0.7365
2	0	0	1	1	116	1.1275
2	0	0	1	0	113	0
2	0	0	1	1	123	0.8389
2	0	0	1	1	110	0.2716
1	0	0	0	1	108	0.7011
1	1	1	1	1	128	0.8742
1	0	0	1	1	107	1.1993
2	1	1	1	1	104	0
1	0	1	1	1	126	1.4266
1	0	0	1	1	113	0.9587
1	0	0	1	0	125	1.0236
2	0	0	1	1	109	0.5826
1	1	1	1	1	126	0.2758
2	0	0	1	1	131	0.6689
2	.	0	1	0	117	1.0726
2	1	0	1	1	115	0.7767
1	0	0	1	0	110	0.314
1	0	0	1	1	117	2.1111
2	0	0	1	1	133	0.5879
1	0	1	0	0	124	0.616
2	0	0	0	0	105	0.6977
2	0	0	.	.	113	0.5451
1	1	1	1	1	108	0.3044
2	0	0	0	0	104	2.3537
2	1	0	1	1	105	1.3997
2	1	0	1	1	129	0
2	1	1	1	1	119	0.5552
2	0	0	1	1	127	0.3325
1	0	0	1	1	129	0.7022
2	0	0	1	0	103	1.0929
2	0	0	1	0	106	1.3603
1	1	1	1	1	124	0.5536
1	0	0	0	1	118	0.4131
2	0	1	0	0	101	0.6538
2	0	0	0	1	104	1.2057
1	1	1	1	1	118	0.2239
2	0	0	0	0	108	0.4203
2	0	0	1	1	116	0.6648
1	1	0	1	0	123	0.2896
2	0	0	1	1	113	1.3982
1	0	0	1	1	107	0.7903
2	0	0	1	1	101	0.6852
1	1	1	1	1	123	0.8736
1	0	1	0	0	126	0.7293
1	0	0	1	0	109	3.4629
2	1	1	1	1	117	0.7843
2	1	0	1	1	101	0.9276
1	1	0	1	1	131	0.7009
1	0	0	0	0	119	0
2	.	0	.	.	125	0.8781
1	1	1	1	1	126	0
2	1	0	0	1	131	0.9038
2	1	0	1	1	105	1.9268
2	0	0	1	0	126	1.1398
2	0	0	1	1	130	0.7267
1	0	0	0	0	118	0.7216
1	0	0	0	0	127	0.4604
1	1	1	1	1	122	0.5772
2	0	1	1	1	114	0.8386
1	0	1	1	0	121	0.9078
1	1	1	1	1	108	0.1267
2	0	0	1	1	123	0.9194
2	0	0	1	1	101	1.116
2	1	1	1	1	129	0.95
2	.	0	.	.	125	0.4019
1	0	0	0	0	130	0.4794
1	0	0	0	0	104	1.1512
2	0	1	1	1	103	1.2807
2	1	0	1	1	104	1.7779
1	0	0	0	0	123	0.6341
1	0	0	1	0	112	0.2999
1	0	0	1	1	101	0
2	0	1	1	1	119	0.9242
1	0	0	0	1	106	0.4583
1	1	0	1	1	109	0.0957
1	1	1	0	0	126	0.8182
2	1	1	1	0	105	1.548
2	0	0	0	0	110	0.1697
2	0	1	1	1	126	2.8033
2	0	0	1	0	129	0.4378
1	1	0	1	0	119	0.536
2	1	1	1	1	106	0.7577
2	0	0	1	1	124	0.4997
2	0	1	1	0	115	0.7872
1	0	0	1	1	124	0
2	1	1	1	1	112	0.5576
1	0	0	1	1	110	0.3189
2	0	0	1	1	109	0.2928
2	0	1	1	0	117	0.7008
2	0	1	0	1	120	0.7261
2	1	1	1	0	123	0.3495
1	1	0	1	1	110	2.4605
1	0	0	1	1	120	0.4146
1	0	0	0	0	129	0.7186
1	0	0	1	0	109	0.1162
2	0	1	0	0	112	0
1	0	0	0	0	125	0.3885
1	1	0	1	0	121	0.2624
1	0	0	1	1	119	2.7871
2	0	0	0	0	112	0.8134
2	.	1	.	.	114	1.9571
2	0	1	1	1	110	0.5227
1	1	1	1	1	110	0.6542
1	0	0	0	0	118	0
1	1	1	0	1	119	0.7902
1	0	0	1	1	125	0.6504
2	0	0	0	0	117	0.6331
2	1	0	0	0	125	1.1837
2	1	0	0	0	124	0
2	1	0	0	1	127	0.4349
2	1	0	0	0	104	0.3395
2	.	0	.	.	127	0.3455
2	1	1	1	1	108	0.3772
2	0	0	1	1	122	0.1996
1	.	0	.	.	133	0.8438
2	0	0	1	1	114	1.2828
2	1	1	1	1	107	0.5555
2	0	0	1	1	126	0.5734
2	1	1	1	1	101	1.1541
1	0	0	0	1	109	2.0361
1	1	1	1	0	107	0.7007
1	0	0	0	0	126	0
1	0	0	1	1	101	2.8448
2	0	0	1	1	126	0.7152
2	1	0	1	1	115	0.9695
1	0	1	1	0	113	0.7106
2	0	0	1	0	107	0.8622
1	0	0	0	0	121	1.4142
2	0	0	1	1	123	0.2983
1	0	1	1	1	106	0.2985
1	0	0	1	1	127	0.2464
2	0	0	1	1	116	0.2332
1	0	0	0	1	109	0.4199
2	0	0	1	1	106	4.5163
2	0	1	1	0	115	0.8238
2	.	0	.	.	132	1.0631
1	0	0	1	1	126	0.4995
1	1	0	0	0	132	1.8676
1	0	0	1	1	123	0.7809
1	0	0	1	1	101	1.4482
2	0	0	0	0	122	0.3246
2	1	1	1	1	108	0.4896
2	1	0	1	1	132	1.7197
2	.	0	.	.	125	0.3801
2	0	0	1	1	119	0.4529
2	.	0	.	.	124	1.2613
1	0	1	1	1	126	1.8292
1	0	1	0	1	132	0.7524
2	0	0	1	0	129	0.9309
1	0	0	1	0	112	0.3333
2	0	0	0	1	128	2.6675
1	0	0	0	1	118	0.3443
2	1	0	1	1	114	0.3358
1	0	1	1	1	104	1.4606
1	.	0	1	0	115	1.1076
2	0	0	0	1	132	0.65
1	0	0	1	0	120	4.3797
1	.	0	.	.	120	1.7685
2	0	0	1	0	106	0.3328
1	0	0	0	0	116	0.4648
2	0	0	1	1	118	0
2	1	0	1	1	106	0.909
1	0	1	1	1	103	0.4744
1	0	1	1	1	117	0.4045
1	0	1	0	1	118	0.276
2	0	0	0	0	108	0
1	0	0	0	1	107	0.8954
1	0	0	1	1	119	0.4032
2	1	1	1	1	126	1.8428
1	0	0	1	0	110	0
2	0	1	1	1	109	0.7285
2	0	0	0	0	113	0.7052
2	0	0	0	1	113	1.4415
2	0	1	0	0	114	0.7445
1	0	1	0	1	129	0.7292
2	0	0	1	1	108	1.0555
1	0	0	1	1	121	1.2655
2	1	1	1	1	118	0.9526
2	0	0	1	0	119	1.5092
1	0	0	0	0	118	0
1	0	0	0	0	107	0.3097
1	1	0	1	1	125	0.9515
1	0	1	0	1	127	0.5044
1	1	0	1	1	123	1.5101
1	0	0	0	1	123	0.8946
1	1	0	1	1	115	0.6898
2	0	1	1	1	114	1.2318
1	0	0	1	1	125	0.6477
1	1	1	1	1	123	1.1248
2	0	0	0	1	104	0.3601
2	0	0	1	1	132	0.9703
1	0	1	1	1	112	2.1585
2	0	0	1	0	116	0.2257
1	0	0	1	1	128	0.4365
2	0	0	1	0	122	0.1756
1	0	0	1	1	107	1.7138
2	0	0	1	1	132	2.5261
1	0	0	1	0	115	1.4765
1	0	0	1	1	107	0
2	0	0	1	1	106	0
2	1	0	1	1	123	0.757
2	0	0	1	1	103	1.9337
2	1	0	1	0	132	0.5773
2	0	0	1	1	107	0.8638
1	0	0	1	0	125	0.6051
2	0	0	0	0	108	0.8568
1	0	0	1	1	129	0.7919
1	1	1	1	1	112	0.9698
1	0	1	1	0	112	1.2507
2	0	1	1	1	127	0.576
1	0	0	1	1	113	3.3028
1	1	0	1	1	103	0.9615
1	0	0	1	0	121	0.9533
1	0	0	0	0	121	0.2613
2	0	1	1	1	126	0.7138
1	0	0	0	1	117	0.4837
1	0	1	1	1	103	0.6669
2	0	1	0	1	129	0.5076
1	1	0	1	1	116	0.7674
2	0	0	0	0	116	0.224
2	0	1	1	1	107	0.3935
2	0	0	0	1	116	0.3883
2	1	1	1	1	101	1.0303
2	0	1	1	1	127	0.4417
1	1	1	0	1	101	1.118
1	1	1	1	1	131	0.7745
2	.	0	.	.	125	0.3254
2	0	1	1	1	123	0.3296
2	1	0	0	1	129	0.286
1	1	0	1	1	124	0.5219
2	0	0	1	1	121	0.3498
2	1	1	1	0	118	0.8158
2	1	1	1	1	119	0.5961
1	0	1	1	1	113	0.4455
2	0	0	1	1	129	1.0896
1	0	0	0	1	122	1.0246
2	1	0	1	1	124	3.3825
1	0	0	1	1	120	0.5884
1	1	1	0	1	126	1.6188
1	0	1	1	.	118	0
2	0	0	.	.	109	0.1468
2	0	1	0	0	106	0.8294
1	1	0	1	1	131	0.5834
2	0	0	1	1	123	0.6512
1	0	0	1	0	127	0.9051
1	1	0	1	1	126	0.3517
2	.	1	.	.	126	1.8015
1	1	0	1	1	101	0.6426
2	0	0	1	0	123	0.8168
1	0	0	1	1	131	1.0916
2	1	1	1	0	126	0.4199
2	1	1	1	1	122	0.5973
2	0	1	1	1	129	0.8486
2	0	0	1	1	101	0.8394
1	1	0	0	1	106	0.4243
2	1	0	1	1	101	0.4464
1	0	1	1	1	109	0.2573
2	0	0	1	0	126	0.3586
2	0	0	0	1	105	2.705
1	1	1	0	1	133	1.005
1	0	0	1	1	114	0.7769
2	1	1	1	1	114	1.276
2	0	0	0	0	111	1.6388
2	0	0	0	1	109	0.6435
2	0	0	1	0	129	0.349
2	0	1	1	0	109	1.399
1	1	1	0	1	107	0
1	1	0	1	1	119	0.8692
1	0	1	1	1	107	0.4337
2	0	1	0	0	129	0.6051
2	0	1	0	0	116	0.9586
2	0	0	1	1	130	0.281
2	0	0	0	1	112	0.8335
1	0	0	1	0	109	1.8081
2	0	0	1	1	117	1.6505
1	0	1	0	1	104	1.8879
1	0	1	1	1	113	0.7891
1	0	0	0	0	122	0.2083
1	1	0	1	0	126	0.5867
2	1	1	1	1	115	0.3685
2	0	0	0	0	108	0.6061
1	0	0	1	1	117	0.5885
1	1	0	1	1	123	0.2853
2	0	0	1	1	103	1.3646
2	0	0	1	1	109	1.7145
1	0	0	0	1	121	0.4119
2	0	0	1	0	132	1.7697
2	.	.	.	.	118	0.2822
2	0	1	0	1	133	0.4496
2	.	.	.	.	131	1.593
2	1	0	1	0	131	0.4624
2	0	0	1	1	130	0.4528
1	0	0	1	0	121	2.9353
1	1	0	1	1	120	1.7785
1	0	0	1	1	114	0.5964
2	0	0	1	1	121	0.4152
2	0	0	1	0	108	0.5443
2	0	0	0	1	101	0.4263
1	0	0	1	1	116	1.0749
1	1	1	1	1	112	0.1903
1	1	0	0	1	107	0.4048
1	0	0	0	0	110	0
2	1	1	1	1	105	6.4445
2	1	0	1	0	113	0.7953
2	1	0	1	1	110	0.8188
1	1	0	1	1	108	0.2986
1	0	0	1	1	124	1.8987
2	1	1	1	1	117	0.7684
1	1	1	1	1	131	1.0313
1	0	1	1	1	108	0.8519
2	0	0	1	1	104	1.276
2	0	1	1	1	115	0.4729
2	0	0	1	0	130	1.3038
1	0	0	0	0	106	0
1	1	0	0	0	112	0.7752
2	0	0	1	1	105	1.369
2	0	0	0	0	132	1.0282
1	0	1	1	1	107	0
1	0	1	1	1	133	1.4858
1	0	0	1	1	108	0.9633
1	0	0	1	0	106	0.5646
1	0	0	0	0	110	0.6779
1	1	1	1	1	123	0.6364
2	0	0	0	0	113	0.6562
2	0	0	0	0	131	2.4974
2	0	0	0	0	118	1.6361
2	0	0	0	1	131	1.4431
2	0	0	0	1	118	0.5287
2	0	1	1	1	119	1.4402
1	0	0	1	0	108	1.8005
2	0	0	0	0	126	1.0759
1	1	1	1	1	127	0.2994
2	0	0	0	0	121	0.5565
2	1	0	1	0	127	1.0386
1	0	0	1	0	125	0.3209
1	1	0	1	0	110	0.5994
2	0	0	0	1	126	0.868
1	0	0	1	1	117	0.6012
1	0	0	1	0	124	1.5772
1	0	0	1	1	106	0.3316
1	0	1	1	0	125	0.3746
2	1	0	1	1	107	0.6549
1	0	0	1	0	109	1.5531
2	0	0	0	1	103	0.8999
2	1	1	1	1	114	0.9188
2	0	0	1	1	117	0.7831
2	0	0	0	1	104	0.805
2	0	1	1	0	122	0.384
2	0	0	0	0	121	0.6478
1	0	0	1	1	109	0.3008
2	0	0	0	.	125	0
2	0	0	1	1	101	0.8978
1	1	0	0	0	109	0.6187
1	0	0	0	1	122	0.2973
2	0	1	1	0	105	1.5591
1	0	0	1	1	119	0.5369
1	0	0	1	0	106	0.7601
1	0	0	1	0	109	1.6359
2	0	0	0	1	130	0.4919
2	1	0	1	1	104	0
1	0	0	1	1	116	0.3866
2	1	0	0	0	107	0.2381
2	0	0	1	1	109	0.3567
2	0	1	1	0	129	1.1157
2	0	0	1	1	108	1.5368
2	1	0	1	0	107	0.4114
1	0	0	1	1	103	1.7501
2	0	0	.	1	117	0.4874
2	1	0	1	1	106	0.9167
1	0	0	1	1	123	0.3294
2	0	0	0	0	110	0
1	1	0	1	1	129	0
2	0	1	1	0	112	0.6495
1	.	0	.	.	121	0
2	.	0	.	.	121	1.0385
1	0	0	1	0	108	0.5691
1	0	0	0	0	106	1.5186
2	0	1	1	0	101	1.1489
2	0	0	1	1	101	0.6349
2	1	1	1	1	101	0
1	0	0	1	1	117	0.9328
1	0	0	0	1	118	0.6525
1	0	0	1	0	128	0.9166
1	0	0	1	1	123	0
1	0	0	1	0	117	0.5571
2	0	0	1	1	132	1.7197
2	1	1	1	1	123	1.1295
1	1	0	1	1	120	0.3623
2	0	0	1	0	122	1.2083
1	0	0	1	0	104	1.3457
1	0	0	1	1	121	3.7998
1	0	0	0	0	121	2.105
1	0	0	1	1	101	0.6607
1	.	1	.	.	118	1.0918
2	0	0	1	0	115	0.8546
2	0	0	0	0	131	1.7376
1	0	0	0	1	133	0.7665
1	0	0	1	1	120	0.5345
1	0	1	1	1	131	1.5657
1	0	0	0	0	109	0
2	0	0	0	0	116	0.9404
2	1	0	1	1	114	0.6552
1	1	0	1	0	118	0.1639
2	0	1	0	1	132	1.6898
1	0	0	1	1	126	1.0767
2	0	0	0	1	114	0.8012
2	0	0	1	1	106	0
1	1	0	1	0	115	0.319
2	0	0	0	0	118	0.7705
1	1	0	0	1	115	0.8877
1	1	1	1	1	131	0.2875
2	0	1	1	1	119	1.1029
2	1	0	1	1	115	0.2908
2	0	1	1	1	126	0.376
1	0	0	1	1	126	0.7293
2	0	0	1	0	116	1.1693
2	0	0	1	0	117	0.3207
1	1	1	1	1	118	1.2624
1	0	0	0	1	112	0.4267
2	1	1	1	1	119	0.5071
2	1	0	0	0	130	0.5152
1	0	0	0	0	103	0.5868
1	0	0	1	1	121	0
2	0	0	1	0	128	0.5544
1	0	0	0	1	132	4.0152
2	1	0	1	1	101	0.6891
1	0	0	1	1	121	1.202
1	1	1	0	0	109	0.7765
2	0	0	0	0	125	0.4932
2	0	0	1	1	101	1.4482
2	0	1	0	1	115	1.0717
2	0	0	1	1	116	1.3071
2	0	0	1	1	127	0.5056
2	0	0	1	0	105	0
1	0	1	1	1	116	1.0504
1	0	0	1	1	110	1.1696
2	0	0	0	0	124	1.2205
2	.	0	.	.	120	0.3226
2	1	0	1	1	130	0.2684
2	1	0	1	1	129	1.4716
1	0	1	1	0	119	0.2598
2	0	1	0	0	116	0
2	0	0	1	1	114	0.5468
1	0	0	0	0	113	2.8442
1	0	0	1	0	109	0
2	0	1	0	1	133	0
2	0	0	0	1	131	1.8527
1	1	0	1	1	101	1.0403
2	0	0	1	1	114	0.5926
1	0	0	0	0	124	1.5394
1	1	0	0	1	108	0.7803
1	0	0	0	1	132	0.4861
1	0	0	1	0	109	0
1	0	0	1	1	106	1.246
1	0	1	0	0	117	1.4238
2	0	0	1	0	115	1.0454
1	0	0	0	1	117	0
1	1	1	1	1	123	0.5419
2	1	0	0	1	133	1.4584
1	1	.	.	.	3	0.9749
2	1	0	1	0	4	2.8884
2	0	1	0	1	5	0.4356
2	0	0	1	1	8	1.0786
2	1	1	1	1	8	0.3916
1	1	0	1	0	9	3.4082
2	1	0	1	1	9	0.7444
2	1	0	1	1	14	1.173
1	0	0	1	1	18	0.8526
1	1	0	1	1	20	1.4818
1	1	0	1	1	21	0.8337
1	0	1	1	1	22	1.4972
2	0	1	0	0	23	0
2	1	0	1	1	25	0.8314
1	1	0	1	1	26	0.9749
1	1	0	1	1	27	0
1	0	0	1	1	27	1.9162
2	1	1	1	1	28	0.3888
1	1	1	1	0	30	0.9438
2	0	0	0	0	31	1.4229
2	0	0	1	1	38	0.5487
1	1	0	1	1	38	1.4727
1	0	1	1	1	40	0.6896
2	1	0	1	1	43	1.51
1	1	0	1	1	45	0.8854
2	1	0	0	0	45	0.9092
2	0	0	1	1	47	0.7275
1	0	0	.	.	48	0.8183
1	1	1	1	1	49	0.3701
2	0	0	0	0	50	2.2165
1	1	0	0	0	51	1.974
2	0	0	0	0	52	0.3215
2	1	0	1	0	56	0.3679
1	1	0	1	1	57	0.8447
2	0	0	1	1	62	0
2	0	0	1	0	63	0.5255
1	1	0	0	0	65	0.7915
2	1	0	1	1	66	2.2188
2	0	0	0	0	66	1.3292
1	1	1	1	1	67	0.785
1	1	0	1	0	67	0.4129
1	.	.	.	.	68	1.6516
1	0	0	1	1	68	0.3851
2	1	0	1	0	72	1.6644
2	1	0	1	1	77	0.3552
2	1	1	1	1	79	0.9598
2	0	0	1	1	83	0.4059
2	1	1	1	1	87	1.1819
1	0	0	1	0	88	3.9136
1	1	1	1	1	88	0.8779
2	0	0	1	1	89	0.9317
2	1	1	1	1	91	0.8779
1	0	0	1	1	92	1.0575
1	1	0	0	1	93	0.4281
2	0	0	0	0	94	0
1	1	1	1	1	94	0
1	0	0	1	1	95	1.313
1	1	1	1	1	96	0.7266
2	0	0	1	1	97	0.3597
1	1	0	0	0	98	1.0388
1	0	0	0	0	99	1.7433
2	1	0	0	0	100	1.1439
1	1	1	1	1	2	1.0418
1	1	0	1	1	4	0.8854
1	0	0	1	0	7	0.4035
2	0	1	.	.	12	1.327
1	0	0	0	1	15	0.3301
1	0	0	1	0	16	0.9119
1	1	0	1	1	17	0.5803
2	1	0	1	1	18	0.3963
1	1	0	0	1	19	0.9631
2	0	.	1	1	22	0.3963
1	1	1	1	1	22	0.6525
1	1	0	1	1	23	0.8187
1	1	1	1	1	24	0
1	1	1	1	1	26	1.2215
1	0	0	0	0	28	0.9515
2	1	1	1	1	31	1.0275
1	0	0	1	0	33	0.3828
1	1	1	1	1	34	1.4238
2	.	0	1	1	35	0.9011
1	1	1	1	1	36	0.3423
2	0	0	1	0	37	1.4014
2	0	0	1	0	39	0.8565
1	0	0	1	0	40	0.6249
1	1	1	1	1	41	1.6474
1	1	1	1	1	41	0.8376
1	0	0	1	1	42	1.6531
2	1	1	1	1	43	0.7607
2	0	0	1	1	45	0.5063
1	0	0	0	1	48	0.7789
1	1	1	1	1	51	2.6757
2	0	0	1	1	52	0
2	1	1	1	0	53	0.387
1	1	1	1	1	53	1.4921
2	1	1	1	1	54	0.5958
1	0	0	0	0	56	0.3783
2	1	0	0	1	58	0.7799
1	0	0	0	1	59	0.415
2	1	0	0	1	59	0.8677
1	1	1	1	1	60	1.0338
1	1	0	1	0	61	0.8739
2	1	1	1	1	62	0.6097
2	1	0	1	1	65	0.731
1	1	0	1	1	70	0.8553
1	0	0	1	0	71	1.004
1	0	0	1	1	72	1.5728
2	0	0	1	1	74	0.8694
2	1	0	1	1	75	0
2	0	0	0	0	75	0
2	0	0	1	0	76	1.5463
2	1	0	1	1	76	0.7517
2	1	1	1	1	78	0.8032
2	1	1	1	1	80	0.9109
2	1	1	1	0	81	0.8367
2	0	0	0	0	86	0.9962
1	0	1	1	0	87	0.3828
2	0	1	1	1	88	0
1	1	0	0	0	89	0.8545
1	1	1	1	1	90	1.3891
2	0	0	1	1	90	1.1118
2	1	0	1	1	91	0.8301
2	1	0	0	1	93	1.3833
2	0	0	1	1	94	0
1	1	0	1	1	97	0.7444
1	0	1	1	1	99	0
1	1	0	1	1	100	0.6749
2	0	0	0	0	100	0
1	1	0	1	1	2	0.6177
1	0	0	0	0	3	0.3401
1	1	0	0	0	6	0
1	1	1	1	1	8	0.3916
2	0	1	0	1	9	0.3804
2	.	0	.	.	9	0.8314
2	1	0	1	1	12	0.8974
2	0	0	0	0	13	0.8868
1	1	0	1	1	20	1.1916
2	0	1	1	1	20	1.9595
2	1	0	1	1	21	1.3449
2	0	0	1	1	22	0.3805
2	0	0	1	0	25	0
1	1	1	1	1	26	1.2937
2	1	1	.	1	29	0.3866
2	0	0	1	1	30	0
2	1	1	1	1	30	0
2	1	1	1	0	32	0
2	0	0	1	1	33	0
2	0	0	0	0	33	1.4496
2	1	1	1	1	36	0.4859
1	1	0	1	1	37	0.9147
2	1	1	1	1	41	0.8587
2	1	1	1	1	44	0
2	1	0	0	1	45	0
1	1	0	0	0	47	1.1663
1	1	0	1	1	49	0
1	0	1	1	1	49	0.7054
1	0	1	1	1	51	0.3768
1	1	0	0	1	52	0.4024
2	1	1	1	1	52	0.5582
2	0	0	1	1	53	1.6793
2	1	0	1	0	55	0.6451
2	1	0	1	1	57	0.57
1	1	0	1	1	59	0.5424
2	0	0	1	0	64	0.6667
2	1	0	1	1	65	0.7266
1	1	0	1	1	66	0.9224
1	.	.	.	.	66	0
2	0	0	0	1	67	0
1	1	0	1	1	71	0.5786
2	1	1	1	1	72	0.63
1	0	0	1	1	72	0
1	1	0	1	1	75	1.9884
2	1	0	0	1	76	1.1299
1	0	1	0	0	77	0.4129
1	1	0	1	1	79	1.0556
1	0	0	1	1	80	0.7895
2	0	0	1	1	81	2.3834
1	0	0	1	1	82	1.6736
2	0	0	1	0	82	0.7835
1	1	0	0	0	83	0.9962
2	1	1	1	1	83	1.3211
2	0	0	1	1	84	1.6329
2	0	0	1	1	86	4.6745
2	1	0	1	1	87	0.4063
1	0	0	1	0	88	0
1	0	0	0	1	89	0
1	1	0	1	1	92	0.3998
1	1	0	1	0	94	0
1	1	0	1	1	96	0.8091
2	0	0	1	1	98	1.0079
2	1	1	0	1	99	0.8367
1	0	0	0	0	100	0.3375
1	1	0	1	1	2	0.7589
1	1	0	1	1	2	0.5751
1	1	1	1	1	3	0.826
2	1	1	1	1	5	0.4225
2	1	0	0	0	7	2.8206
2	0	0	1	1	9	0.8316
2	0	0	0	1	14	0.7925
1	1	0	1	1	14	0
1	0	0	1	1	15	0.5501
2	1	0	1	0	18	0.8382
2	0	0	0	1	19	0.6685
1	0	0	1	1	24	1.6343
1	1	1	1	1	25	1.2727
2	1	0	1	1	26	0.8301
2	0	0	1	1	27	1.2808
2	0	0	1	1	27	0.8376
2	1	0	1	1	29	1.0488
2	1	0	1	1	29	1.3159
2	1	0	1	1	30	2.8027
1	0	0	0	1	34	0.771
2	0	1	1	1	35	0
1	1	0	1	1	36	0.7205
2	0	0	1	0	39	0
2	1	1	1	1	40	0.4418
2	0	0	1	0	40	0.7566
2	0	0	0	1	42	0.3749
1	0	0	1	1	43	0
1	.	1	1	0	43	0.5986
2	.	0	1	1	45	0
2	1	1	1	1	46	0.3592
2	0	1	1	1	47	0.4949
1	0	0	0	1	48	1.2005
1	1	1	1	1	49	1.4602
2	1	0	0	1	50	0.8711
1	1	1	1	1	52	1.3891
1	0	0	0	0	52	0
1	1	1	1	1	53	1.5873
1	1	.	1	1	53	0.8332
1	0	0	1	1	54	0.4862
2	0	1	1	1	54	1.5159
2	0	1	1	0	60	0.818
1	0	1	1	0	64	0.6182
2	0	0	1	1	64	0.9539
1	0	0	0	0	67	0.385
1	0	0	1	1	68	0.8847
1	.	.	1	1	69	0.6663
2	0	1	1	1	70	1.0186
2	1	0	1	0	70	0.4286
2	1	0	1	0	71	2.053
1	1	0	0	0	73	1.162
1	0	.	1	1	75	0.8011
1	0	0	1	1	77	1.123
2	0	0	1	1	78	0.8032
2	1	0	1	1	78	0.3429
2	0	0	0	0	79	1.6739
1	1	0	0	1	79	0.6249
1	0	0	1	1	80	0.4337
1	0	1	1	1	82	0.4862
2	0	0	1	0	83	2.3228
2	0	0	1	0	84	0.8014
1	1	1	1	1	86	0.9796
2	0	0	0	1	87	0
2	1	1	1	1	88	0.3464
2	1	0	1	1	89	1.5491
1	1	1	1	1	92	0.5375
1	1	1	1	1	94	1.6516
2	1	0	1	1	95	0
1	0	0	1	1	98	1.3542
2	1	1	1	1	99	0.9981
2	0	0	1	1	1	0.8394
2	1	0	1	1	5	1.4585
2	1	0	1	0	8	0.5599
2	0	0	0	0	10	0.5331
1	1	0	1	1	15	0
1	0	1	1	1	16	0
2	0	0	1	1	17	0.7837
2	1	0	0	0	17	0.6567
2	.	.	.	.	18	0
1	1	1	1	1	21	0.8081
1	0	0	1	1	23	1.3566
2	0	0	1	1	29	0
1	1	0	1	1	29	0.8356
2	1	0	1	1	30	1.5595
2	0	0	1	1	31	0
1	1	0	1	1	32	0.413
2	1	1	1	1	33	0.5958
1	0	0	1	0	35	0.6899
1	.	.	.	.	36	0.7508
2	1	0	1	1	40	1.3499
2	1	1	0	0	40	0.6614
2	1	0	1	1	41	0.4862
2	0	0	0	0	43	2.1365
1	1	0	1	1	44	1.0088
2	0	1	0	0	46	0
2	1	0	0	1	47	0.3832
2	1	1	1	1	48	0
1	0	0	1	1	49	0.854
2	0	1	1	1	50	2.534
1	0	0	1	0	53	0.7411
2	1	1	1	0	56	0.4074
2	0	0	1	1	57	0.4914
2	1	0	1	0	59	0.3522
2	0	1	0	0	61	1.8465
2	1	0	1	1	62	0.7465
2	0	0	0	1	63	1.6757
2	0	0	0	0	63	1.5671
2	1	0	1	1	65	0
1	1	0	1	1	66	0.3611
1	1	1	1	0	67	0.6398
2	0	0	0	1	68	0.5723
1	0	0	0	1	69	0.7116
2	0	0	0	0	69	0.7575
1	1	1	1	1	71	0.9853
1	0	0	1	0	73	0.7895
2	0	0	0	0	74	0.8545
2	0	0	1	0	74	0
1	1	0	1	0	75	1.2253
2	1	0	1	1	76	1.0123
2	1	0	1	0	77	0
1	0	1	1	1	79	0.7463
1	0	1	1	0	80	2.7905
1	0	0	0	1	82	2.9519
2	1	1	1	1	84	0
1	0	0	1	1	84	1.2607
2	.	.	.	.	85	0
1	0	0	1	1	86	0.8404
2	1	0	1	1	89	0.505
2	1	1	0	0	90	1.7201
1	0	0	1	1	91	0
1	0	0	1	1	92	0.8314
1	1	0	1	1	94	1.5681
2	0	0	1	1	95	2.7092
1	1	0	0	0	96	1.525
2	1	0	1	1	97	3.3012
2	1	1	0	1	99	0.5971
2	0	0	1	0	100	0.7631
1	0	1	0	1	5	0.3922
2	0	1	0	0	5	0.356
2	1	0	1	0	6	2.8884
1	.	0	0	1	10	0.6546
2	1	0	1	1	10	0.3838
2	0	0	1	0	11	0.6638
1	1	0	1	1	11	0.6249
1	0	0	1	1	14	0
2	0	1	1	1	15	0.9021
2	0	0	1	1	15	0.7059
1	1	0	1	0	17	0.3658
2	0	0	1	0	18	0
1	1	0	1	1	19	0
2	0	0	0	0	20	0.8779
1	1	1	1	1	21	0.7318
2	0	.	1	1	21	0.9745
1	1	0	1	1	22	1.0948
1	.	.	.	.	24	0.5433
2	0	0	1	1	25	0.803
1	.	.	.	.	27	0
2	1	0	1	1	28	0
2	1	.	.	.	29	0
1	1	1	1	0	31	0
1	0	1	1	1	36	0.803
2	0	0	1	1	36	0.7446
1	0	0	1	1	37	1.0275
1	0	1	1	0	37	0
2	1	0	0	1	38	4.9185
2	0	1	1	1	40	0
2	0	0	1	0	42	0.8343
2	0	0	1	1	43	1.6003
2	1	0	1	1	45	1.1222
2	0	0	1	1	45	0.5661
2	0	1	1	1	48	0.3464
1	0	0	0	0	50	0.8228
2	1	0	0	1	51	2.2042
2	1	0	1	1	52	0.7875
2	1	1	1	0	52	0.4329
1	.	0	0	0	55	0.8868
2	0	0	1	0	56	0.9261
1	.	.	.	.	58	0
1	0	0	0	1	59	2.0023
1	0	0	0	0	61	0.7415
2	0	1	0	1	64	0.7205
2	0	1	1	0	64	1.4587
1	0	0	0	0	65	0.4679
2	1	1	1	0	66	0.7508
1	1	0	1	0	67	1.446
2	0	0	1	1	68	0
1	1	0	1	1	68	0
2	0	0	0	0	72	0
2	0	0	1	1	72	1.161
2	0	1	1	1	73	1.4051
2	0	0	1	1	75	2.0248
1	0	1	1	1	76	2.0283
2	1	0	0	1	77	0.9119
1	0	1	1	1	78	0.6285
1	1	1	1	1	81	0.7095
1	1	0	1	0	82	0.8956
1	0	0	0	1	82	0.5639
2	0	0	1	1	84	0.3335
2	0	1	1	1	85	0.4129
2	0	0	1	1	87	0.6941
1	1	1	1	1	89	0.4233
1	0	0	0	0	90	0
1	1	0	1	1	92	0.7464
1	1	0	1	1	92	0.8007
1	1	1	1	1	93	0.5824
1	0	1	1	1	94	0.4316
2	0	0	1	1	96	1.6459
2	0	0	1	1	98	1.1948
2	1	0	0	1	98	0
1	1	0	1	0	100	2.1464
1	1	1	1	1	1	0.8545
1	0	0	1	0	4	0.9058
2	0	1	0	0	5	0.3581
2	1	0	1	1	6	0.3707
2	0	1	1	0	7	0.3764
1	0	0	1	1	8	0.7444
2	1	1	1	1	10	0.5824
1	0	0	0	0	10	0
1	1	0	1	1	13	1.6156
2	0	0	1	1	14	0.9539
1	1	0	1	0	15	1.413
1	1	0	0	0	17	1.5641
1	0	1	0	0	18	0
1	0	0	0	1	19	0
2	1	1	1	1	23	0.907
1	1	1	1	1	24	0.3517
1	0	1	1	0	24	0.8677
1	0	1	1	1	26	2.2974
2	0	0	0	0	29	0.3324
1	0	0	0	0	29	1.4303
2	0	0	1	1	30	1.8367
1	0	0	1	0	31	0.9119
2	1	0	1	0	32	0.767
1	1	1	1	1	35	0.5042
2	1	0	1	1	36	0.7477
2	0	1	0	0	37	2.2224
1	1	0	0	1	39	3.9059
1	0	1	0	0	40	1.9162
2	1	1	1	0	41	0.8851
2	1	1	0	0	41	1.1378
2	0	0	1	1	42	0
2	0	0	1	1	47	0.5971
1	0	0	0	1	48	0
1	0	1	1	1	52	0.8854
1	1	0	0	0	52	1.9284
1	1	1	1	1	55	1.6212
1	0	1	1	1	56	0.6182
1	1	0	1	1	57	0
1	1	0	1	1	59	0.6309
1	0	0	0	0	60	0.7392
1	.	.	.	.	63	0.7121
2	1	0	1	1	65	0.3524
1	0	0	0	0	66	0.6685
2	1	1	1	1	68	1.4879
1	1	1	1	1	72	0.6129
1	1	1	1	1	73	0.9224
2	1	0	1	0	74	1.3272
1	1	1	1	1	75	0.7266
1	0	0	0	1	75	0.8251
1	0	.	1	0	76	0.8897
2	0	1	1	1	77	0
2	1	1	1	1	77	0.3464
1	1	0	1	1	78	0.6883
2	1	1	1	0	81	0.8368
2	1	0	1	1	84	0.6502
1	.	0	1	1	85	0.6678
1	0	0	1	1	86	0.5958
1	0	1	1	1	87	1.3471
2	1	1	1	1	89	0.4884
2	0	0	1	1	90	0.803
1	1	0	1	1	90	0
2	0	0	1	0	91	0.764
2	0	0	1	1	94	1.568
1	1	.	1	1	95	0
2	0	0	1	1	95	0.7724
1	1	1	1	1	96	0.771
2	0	0	0	0	96	0.674
2	0	0	0	0	99	0.9023
1	1	1	1	1	5	0.9418
1	1	0	0	1	6	0.9539
1	0	1	1	1	7	0.3989
2	0	1	1	0	8	0.4098
2	0	0	1	1	9	0.3678
1	1	0	0	1	11	0.8911
1	1	1	1	1	12	0
2	0	0	1	0	13	0.7885
1	1	0	0	1	14	0.8306
1	0	0	1	1	14	0.8378
1	0	0	1	1	16	0
1	0	1	1	1	18	1.0904
1	0	0	0	0	18	0.4396
1	0	1	1	1	19	1.1654
1	1	1	1	1	19	1.4921
1	0	0	0	1	20	0.3866
1	0	0	1	1	21	0.8376
2	1	0	1	1	21	1.19
1	1	0	1	1	24	0.9755
2	1	1	1	1	24	1.2555
1	1	0	0	0	25	0
1	0	0	1	0	29	1.6929
1	0	0	0	0	31	1.4657
1	1	0	1	1	32	0
2	0	0	1	1	32	1.1106
2	0	0	1	1	34	0.4891
1	0	0	1	0	35	0.8273
2	0	0	1	0	36	0
2	.	.	.	.	38	0.2987
1	0	0	1	0	38	1.2332
2	1	0	0	1	39	0.6138
1	1	0	1	0	39	0.9988
2	1	0	1	1	41	0
2	1	0	1	1	43	0
2	0	0	1	1	43	0.8417
2	0	1	1	1	48	0.4213
2	0	1	1	0	51	1.6355
2	0	0	0	0	52	0
2	0	0	0	0	53	0
1	1	0	1	0	56	0.6614
2	1	0	1	1	56	1.6193
2	.	.	.	.	58	0.8337
2	0	1	1	0	58	0.4238
2	0	1	1	1	61	1.2239
1	1	0	1	0	63	0.7444
2	1	1	1	1	64	0.9677
2	1	0	1	1	66	0.5289
1	1	0	1	1	69	0.5888
2	1	1	1	1	70	0.9224
1	1	0	1	1	71	0.8337
2	1	1	1	1	72	0.8356
1	1	0	1	1	76	0.7589
2	0	0	1	0	77	0.2873
1	1	1	1	1	78	0.8025
1	0	0	1	1	80	0.3707
2	0	0	1	1	82	0.3518
2	1	1	1	1	85	1.8316
2	0	0	1	0	86	0.8739
1	0	1	1	1	87	0
1	1	0	0	0	87	2.5881
1	1	1	1	1	88	1.151
2	0	0	1	1	90	0.3858
1	1	0	1	0	90	0.3335
2	0	0	0	0	91	0.4493
2	.	.	.	.	91	0
2	0	0	1	1	92	0.3653
1	0	.	1	1	92	0.6263
2	1	1	1	1	93	0.383
1	1	0	1	1	93	1.4371
1	0	1	1	1	94	0.5826
1	1	0	1	1	94	0.6219
2	0	0	1	0	96	2.1534
2	1	0	1	1	97	1.5987
2	1	0	1	0	99	3.6063
1	1	0	0	1	99	1.3135
1	1	0	1	1	1	0.758
1	1	1	1	1	2	0.5869
1	1	0	0	1	3	0.9284
1	0	0	0	0	4	0.771
1	0	0	1	1	5	0.7517
2	0	0	0	1	5	0.5787
2	1	1	0	0	6	0.34
2	.	.	.	.	7	0.7273
2	.	0	.	.	9	0.655
2	1	0	1	1	11	0.3858
2	1	1	1	0	12	0
1	1	0	1	1	13	1.0608
2	0	0	1	1	15	0.8216
1	1	0	0	0	16	2.0794
2	0	0	1	1	18	0.6015
1	0	0	1	1	19	0.3701
1	1	1	1	0	20	1.6845
2	1	1	1	0	21	0.6182
1	1	0	1	1	25	3.6937
2	0	1	1	1	27	0.3892
2	.	1	.	.	32	0.6685
1	0	1	1	1	33	0
2	.	.	.	.	35	0
2	0	0	0	0	39	1.6466
1	1	0	1	1	43	0.682
1	1	0	1	0	44	0.8217
2	0	1	1	1	47	0.6147
2	1	1	1	1	49	0
2	0	0	0	0	50	0
1	0	0	0	0	50	0.7183
2	0	1	0	1	52	0
2	1	0	1	0	53	1.4072
1	0	0	1	1	53	0.7273
1	1	0	1	1	55	1.1789
2	1	1	1	1	58	1.8424
1	1	0	1	1	58	1.0997
2	1	0	1	1	62	0
2	1	1	1	1	66	0.9119
1	0	0	0	1	67	0.3862
2	1	1	1	1	68	0.6896
2	0	0	1	1	70	1.3179
1	1	1	1	1	73	0
2	0	0	1	1	74	0
1	0	0	0	0	74	0.6585
1	1	0	1	1	75	1.4439
1	1	0	1	1	76	1.0344
1	1	0	1	0	78	0.6451
1	0	0	0	0	79	1.2468
2	1	0	1	1	79	0
2	0	0	1	1	80	0.7325
1	1	1	1	1	81	0
2	1	1	1	1	86	0
2	1	0	1	1	87	0.3048
1	0	0	1	1	87	0.9296
2	1	0	1	1	90	0.7266
1	1	1	1	1	91	4.1358
2	1	1	1	1	96	0.8382
1	0	0	1	1	97	1.9407
1	0	1	1	1	99	0.6249
1	1	0	1	1	99	0.6138
2	0	0	0	1	2	0.4977
1	1	1	1	1	4	0.4245
1	1	0	0	1	4	0.6249
1	0	1	1	1	6	0.6138
2	1	1	1	1	6	0.3609
2	0	0	0	0	8	1.1971
1	1	0	1	1	11	1.5479
2	1	0	1	1	12	0.3474
1	0	1	0	1	14	0.4337
1	0	0	1	1	15	0.9189
2	1	1	1	1	15	0.7481
2	0	0	1	1	16	0.7419
2	.	0	1	1	17	0.4995
1	1	0	1	0	18	1.4596
2	1	1	1	0	18	0
2	0	0	1	1	20	0.5312
2	1	1	0	1	21	3.1517
2	0	0	1	1	25	1.272
2	1	0	1	1	25	0.3749
2	1	1	1	1	28	0.3321
2	1	0	1	1	29	0.5255
2	1	1	1	1	30	0
2	1	0	0	0	30	1.1863
2	0	1	1	1	31	0
1	0	0	1	1	31	0.7071
1	0	0	0	1	34	0.5976
2	1	1	1	1	36	1.2334
2	1	0	1	1	37	0.7821
1	1	0	1	1	38	0
2	0	0	0	1	38	0.344
1	1	0	1	1	42	0.5374
2	1	0	1	1	44	0.8032
2	0	0	0	0	46	0
2	0	1	1	0	48	0.3551
1	1	1	1	1	51	0.7266
1	0	1	0	1	53	0.4286
1	0	0	1	1	55	3.7649
1	1	0	1	1	56	0.6129
2	1	1	1	1	58	0.8677
1	0	0	1	1	59	0
1	1	0	1	1	60	0
1	1	0	1	1	60	1.1569
2	0	1	0	0	61	0.9117
1	1	0	1	0	62	0
2	.	.	.	.	62	0.521
2	0	1	1	1	63	0
1	1	0	1	0	66	0.3279
1	1	1	1	1	70	0.8092
1	0	0	0	0	72	0.7767
1	1	0	1	1	75	0
2	0	0	1	1	75	0.3476
2	1	1	1	1	79	0.5958
2	1	0	1	1	80	0.3349
2	1	0	1	0	86	0
1	1	0	1	1	86	0.8707
2	0	0	1	1	87	1.3542
1	1	1	1	1	88	0.8482
2	1	0	1	1	89	0.5556
2	1	0	0	0	91	1.5595
2	0	0	0	0	93	2.676
2	0	0	1	0	95	1.3292
1	0	0	1	0	96	0
2	1	0	0	0	97	5.5192
2	1	0	0	1	99	0.9858
2	.	.	.	.	99	0
2	0	0	1	0	1	0.3231
1	0	0	1	1	1	0
1	0	0	1	1	2	0.3552
1	0	0	1	1	6	0
2	0	.	0	1	7	2.2253
1	0	0	0	0	8	0.6411
2	1	1	1	1	9	0
2	0	0	0	0	10	0.6537
2	1	1	1	1	15	0
1	1	0	1	1	17	0
2	0	0	0	0	18	1.4993
1	0	1	1	0	19	0
1	1	1	1	0	20	0
1	1	1	1	1	21	0.6453
1	1	1	1	1	23	1.134
2	1	0	1	1	24	0.9438
1	1	0	1	1	25	1.3079
1	0	1	1	1	25	1.3416
1	1	0	1	1	26	0.7235
2	0	0	1	0	29	1.7074
1	0	0	1	1	30	0.8301
1	0	0	1	1	32	0.7522
2	1	0	1	1	33	0.3527
1	0	1	1	1	34	0.4891
2	1	1	1	1	34	0.9503
1	0	0	0	1	35	0.7378
2	1	1	1	1	37	0.4648
2	0	0	1	1	39	1.1118
1	1	0	1	1	47	0
1	0	0	0	0	49	0.4076
1	0	0	1	1	50	0.5028
1	0	0	1	0	52	0.7508
1	1	0	1	1	53	0.9224
1	1	0	1	1	55	0
1	1	0	1	1	58	2.246
2	0	0	1	1	59	0.4238
1	0	0	1	1	60	0
1	1	0	1	1	68	0.9515
2	1	0	1	1	69	0.3702
2	1	1	1	1	72	0.8728
2	0	0	0	1	72	0.9445
2	1	1	1	1	73	0.8534
2	1	1	1	1	74	0.4128
1	0	0	1	0	75	0.4258
1	0	0	0	0	75	1.0142
1	0	0	1	1	77	0.7464
1	0	0	0	0	78	0.8242
1	0	0	1	0	79	0.8138
1	1	1	1	1	81	0
1	1	0	0	1	82	1.6885
1	0	0	1	1	82	0
2	0	0	0	0	84	1.5988
1	1	0	1	0	85	0.671
1	0	0	0	0	86	1.8233
2	0	0	0	1	86	0
2	1	0	1	1	87	0.4616
1	1	0	1	0	87	0.3786
2	1	0	1	1	88	0.7084
2	0	0	0	1	90	1.3792
2	1	0	1	1	94	0.4967
1	1	0	1	1	94	0.8301
2	1	0	0	0	95	0.7657
1	0	0	1	0	96	1.6485
2	1	0	1	1	97	2.1187
2	1	0	1	1	98	0.8544
1	1	0	1	1	100	0.4819
2	0	0	0	1	1	3.3842
2	.	0	0	1	2	0.5826
2	1	0	1	1	3	1.5545
2	1	0	1	1	5	0.8422
1	1	0	1	1	5	1.4646
1	1	1	1	0	6	0
2	1	0	1	1	8	0.8462
1	.	.	.	.	10	0
1	0	0	0	0	12	1.6345
2	1	1	1	1	15	1.4744
1	1	1	1	1	17	0.7054
1	0	0	0	0	17	2.7718
2	1	1	1	1	20	0.4418
2	1	1	1	1	21	0.7454
1	1	1	1	1	22	0.5187
2	0	0	0	0	27	0
1	1	0	1	0	27	0.7235
1	1	1	1	1	29	0.7288
1	0	0	1	1	29	0.9677
2	1	0	1	0	30	0.3763
2	0	1	1	1	31	1.0702
1	1	0	1	1	33	2.0863
2	1	1	1	1	34	0.653
1	0	0	1	1	35	0.5299
2	.	.	.	.	36	0
2	1	0	1	1	41	1.4072
1	1	0	1	1	42	0.9284
1	0	0	0	0	43	0.771
2	0	0	1	1	45	0.561
1	1	1	1	0	45	2.5918
1	1	0	0	0	48	0.4862
2	.	.	.	.	49	0
1	1	0	1	0	51	1.823
1	0	0	0	0	52	1.6049
1	0	0	0	0	53	0
1	0	0	1	1	54	0.5989
2	0	0	1	1	55	1.8694
2	0	1	1	1	55	0.6021
1	1	1	1	1	56	0.6218
2	1	1	1	1	58	1.5363
2	0	1	1	1	58	0.8301
2	0	0	1	1	59	0.9988
2	0	0	1	1	61	0.4891
1	1	0	1	1	63	0.7928
2	1	0	1	1	64	0.9011
1	0	0	0	1	65	0
2	0	0	1	0	66	2.1098
1	1	0	0	0	67	0.9445
2	0	0	1	0	70	0
1	0	0	1	1	72	0.8242
1	0	1	1	0	73	0.4063
1	1	0	0	0	80	1.0451
2	1	0	1	1	80	0.7226
1	1	1	1	1	83	1.3532
2	0	0	0	0	83	0
1	0	0	1	1	84	1.1229
2	1	0	1	0	84	0.6499
1	1	0	1	1	87	1.2538
1	0	0	1	1	87	2.3824
1	1	1	1	1	90	0.6517
1	0	0	0	0	92	3.6176
1	1	1	1	1	94	1.152
2	1	0	1	1	96	0.7235
2	1	0	1	0	96	0.8397
2	0	0	0	1	99	0.6448
1	1	0	0	1	99	0
1	0	1	1	1	2	0.8475
2	1	0	1	1	3	0.7687
1	0	0	1	1	6	0.8072
2	.	0	.	.	7	1.2311
1	0	1	1	1	8	1.0054
2	.	0	1	1	10	0.788
2	1	1	1	1	14	0.7216
2	0	0	0	1	15	0
1	1	1	1	1	15	0.5187
1	1	1	1	1	16	1.2353
2	.	.	.	.	17	1.2836
2	1	0	1	1	18	3.0118
1	1	0	1	1	19	1.0107
2	0	0	0	0	20	0
1	1	0	0	1	23	0.8471
2	0	0	1	0	24	0.4619
1	1	0	1	1	26	0.6601
2	1	0	1	1	28	0.4397
2	0	0	0	1	28	0.7226
1	1	1	0	1	37	0
2	.	.	1	.	40	0.4043
2	0	0	0	0	41	0.3532
1	1	1	0	0	43	0.9284
2	1	1	1	1	44	2.3495
2	0	0	1	1	46	0
1	0	0	0	0	48	2.894
1	1	0	1	1	55	0.9677
1	0	0	0	0	55	1.798
1	0	0	1	1	56	1.5415
2	0	0	1	0	57	0.3488
1	1	0	1	0	57	1.4002
1	0	0	0	1	58	0
1	1	0	1	0	59	0.5021
2	1	1	1	1	61	0.9593
2	1	0	0	0	63	0.7226
2	1	0	1	1	63	0.7397
2	0	1	0	1	65	1.6185
1	0	0	1	1	65	1.1599
2	1	0	1	1	66	0.8273
2	0	0	1	0	69	0.8232
2	0	0	1	0	71	0.4548
2	1	0	1	0	72	0.8927
2	1	1	1	1	74	0.8833
1	1	0	1	0	75	0.8447
1	1	1	1	1	75	0.6525
1	.	.	.	.	76	0
2	1	1	1	0	77	0.8833
1	0	1	1	1	80	0.7211
1	0	0	1	1	81	3.0086
1	1	1	1	0	83	0.731
2	0	0	0	1	83	0
2	1	1	1	1	84	0.4854
2	0	0	1	1	87	1.3471
1	1	0	1	1	87	0.8545
2	0	0	0	0	88	0.8679
1	0	1	1	1	89	0.5021
1	.	.	.	.	92	0
2	0	0	1	1	94	0
1	0	1	1	0	94	0.7792
2	1	1	1	1	97	0.8771
2	0	0	1	0	99	0
1	0	1	0	1	1	0.6182
2	1	0	0	1	2	0
2	0	0	0	0	3	0
1	0	0	0	0	6	1.3921
2	1	1	1	1	7	0
2	0	0	0	0	8	0
1	0	0	1	1	9	0
1	.	.	.	.	10	1.9849
2	0	0	1	1	12	1.9849
2	0	0	0	0	13	0
1	.	0	1	1	13	0.8779
2	0	0	1	1	14	0.8664
2	1	0	1	1	15	1.3446
1	1	0	1	1	18	0
1	1	0	1	1	19	0.7545
2	1	1	1	1	19	0.8319
1	1	0	1	1	21	0.9
2	1	1	1	1	24	1.0599
2	1	1	1	1	25	1.1592
2	0	1	0	1	28	1.6084
2	1	1	1	1	30	0.6525
2	1	0	1	1	32	0.5993
2	1	0	1	1	35	1.6736
2	1	1	1	1	36	0.6471
2	0	1	0	0	37	2.2004
2	1	1	1	1	38	0.7226
1	0	0	1	0	40	0.3916
2	0	0	1	1	40	0.9117
2	1	1	1	1	41	0.5663
1	0	0	0	0	42	1.6474
1	0	0	1	1	45	0
2	1	0	1	1	46	1.4072
1	1	1	1	1	47	0
2	1	1	0	1	47	0.8466
2	0	0	1	1	48	2.7047
2	1	0	1	1	49	0.3407
1	0	0	1	1	50	1.0425
1	0	0	1	0	50	1.0488
2	0	0	0	1	57	2.0095
1	0	0	1	1	61	2.9328
2	0	0	0	1	62	2.3228
1	1	0	1	0	62	1.1092
2	0	0	1	1	63	3.6109
1	1	0	1	1	63	0.3828
1	1	0	1	0	64	1.8762
1	0	1	1	1	66	0.3751
2	0	0	1	1	67	0.9798
1	1	0	1	1	67	1.2987
2	1	1	1	1	68	0.7052
2	0	0	1	1	69	0
1	0	0	.	.	71	0.8032
1	1	0	1	1	73	0.6182
2	0	0	1	0	73	0.4128
2	1	0	1	1	76	0.7607
1	1	0	1	1	77	0.3658
1	0	0	0	0	84	1.2937
2	1	1	1	1	84	1.7221
2	1	0	0	1	85	1.8174
2	0	0	1	1	86	1.5983
1	1	0	1	1	87	0.8046
1	0	0	0	1	88	1.3723
2	0	1	1	0	89	0
2	1	0	1	0	89	0.8401
2	0	0	1	1	90	0
2	1	0	1	1	91	2.8763
2	1	0	1	0	92	0.8553
1	1	0	1	1	93	1.0418
2	0	0	1	0	94	0.8551
2	0	0	1	0	97	0.4198
2	0	0	1	1	98	0.8758
1	0	0	1	0	98	0.7128
1	1	1	1	1	100	0.3801
1	1	0	1	1	8	1.4699
2	1	1	1	0	8	0.4426
1	0	0	1	1	9	0.3146
2	0	0	1	1	9	0.8294
2	0	1	1	1	10	0.525
2	0	1	1	1	11	0
2	1	1	1	1	11	0.75
2	0	0	1	1	12	0.6285
1	1	1	1	1	13	0.6846
2	.	.	1	1	14	0.9835
1	1	0	1	0	15	0.6651
2	1	0	1	1	17	0.8203
1	0	0	1	1	18	0.7663
2	1	0	1	1	19	0
1	0	0	1	1	19	0.7226
2	1	1	1	1	20	0.7319
1	1	0	0	1	24	0
1	0	0	.	.	25	0.8376
2	0	0	1	1	25	0.6666
2	0	0	1	0	28	0.7266
2	1	0	0	1	30	0.8461
1	0	1	0	1	31	0.771
2	0	0	0	0	33	0
1	0	0	1	0	34	0
2	1	1	1	1	34	0
1	1	0	0	0	35	0.7049
1	1	0	.	1	37	0.8466
2	1	0	1	1	37	1.4864
2	0	0	0	1	38	0.9809
2	0	0	1	1	38	1.3199
1	1	1	1	1	39	0.9026
2	1	1	1	1	42	1.9377
2	0	0	1	1	42	0.6981
2	1	0	1	1	43	0.8079
2	1	0	1	1	48	1.339
2	1	1	1	1	49	0.6183
2	1	0	1	0	50	0.6015
1	0	0	0	1	51	1.4921
2	0	0	1	1	51	4.1176
2	1	.	0	1	52	0.644
1	0	1	0	0	53	0
1	0	0	1	1	53	0.5836
1	0	0	0	1	54	0.4301
2	1	0	1	1	55	0.7349
1	0	0	0	1	56	1.2845
1	1	0	1	1	59	1.3542
2	1	0	0	0	60	1.5758
2	0	0	1	1	61	0
2	0	0	0	0	66	2.0439
1	0	0	1	1	71	0.6461
2	1	0	1	1	73	2.5181
2	1	1	1	1	74	0.4302
1	0	1	0	1	74	2.0058
2	1	0	1	1	78	0.3701
2	0	0	1	1	79	3.0354
2	0	0	1	1	79	0.3646
1	0	0	1	1	80	0.4303
1	1	1	1	0	80	0
1	1	1	1	0	81	0.8725
2	0	0	1	1	83	0.8138
1	1	0	0	1	84	1.4511
1	1	1	1	1	84	0.8008
1	1	1	1	1	85	0.5847
1	1	0	1	1	88	0.6679
2	1	1	1	1	90	0.8367
1	1	0	1	0	93	0
1	1	1	1	1	93	2.0746
2	0	0	1	1	95	0.6259
2	.	1	1	1	98	0
2	1	1	0	1	3	0
2	0	0	1	1	3	4.2716
2	1	1	1	0	4	1.5205
1	0	0	0	0	7	2.6426
2	0	0	1	1	9	0
2	1	1	1	1	9	0
1	0	0	1	0	11	0
2	0	1	1	1	13	1.4361
1	.	.	.	.	14	0
2	0	0	1	1	15	0.7213
1	0	0	1	0	16	4.1545
1	0	0	1	1	17	1.5423
2	1	1	1	1	18	1.5112
2	0	0	1	1	18	2.8457
2	0	0	0	0	21	0.4478
2	0	0	0	0	21	1.2252
2	0	0	1	1	27	1.0367
2	0	0	1	0	30	0.9119
2	1	0	0	1	30	0.4612
1	1	0	1	1	32	0.4318
2	1	1	1	1	36	1.5614
2	0	0	0	0	38	1.8467
1	1	0	1	1	39	0.4128
1	0	0	0	0	42	0.6371
2	1	1	1	1	44	0
2	1	0	1	0	45	1.0788
2	1	1	1	1	47	0.9995
2	0	0	0	0	49	0.7267
1	1	1	0	1	49	0.6182
2	0	1	0	1	50	1.5801
2	1	1	0	1	53	0.8462
2	0	0	0	0	54	0.5599
2	0	1	1	0	56	0.855
1	0	0	1	0	57	0.8627
1	1	0	1	0	57	0
1	0	0	0	0	58	1.4022
1	0	1	0	1	60	0.7444
2	0	0	1	1	61	2.5919
1	0	0	1	0	61	1.3921
2	1	1	1	1	62	1.4863
1	1	1	1	1	63	0.7938
1	0	1	1	0	64	2.6871
2	0	0	0	0	65	1.8529
2	0	0	1	1	68	0.7508
2	1	0	1	1	72	0.598
1	1	0	1	1	73	0.4815
1	0	0	1	1	74	0
1	0	0	1	1	76	0.3768
2	1	1	1	1	77	0.8217
2	1	1	1	0	78	0.3856
1	0	0	0	0	80	0.6725
2	0	.	1	1	82	1.5599
1	0	0	1	0	83	0.8216
2	0	0	1	0	85	1.3878
2	0	0	1	1	86	0.7802
2	.	.	0	0	87	0.412
2	0	0	1	1	87	1.323
2	1	1	1	1	88	1.3242
1	1	0	1	1	88	0.9995
2	0	0	1	1	89	1.621
2	1	0	1	1	91	0.8771
2	0	0	0	0	91	1.2225
2	1	0	1	1	94	1.3471
1	0	0	1	1	95	0
2	1	1	1	1	96	0.9418
2	0	0	1	1	98	1.3996
2	1	1	1	1	2	0.7419
1	1	0	1	1	6	0
1	1	0	1	0	7	0.6451
1	1	0	0	1	8	0.7201
2	1	0	1	1	9	0
2	1	0	1	1	10	2.2967
2	0	1	1	1	10	0.8469
2	0	1	1	1	11	0.9445
1	1	0	1	1	11	0.9069
1	1	1	1	1	13	0.6764
2	1	1	0	1	14	2.4931
2	.	.	.	.	18	0.9696
2	0	1	0	1	19	1.004
1	0	0	1	1	21	0.8168
1	0	0	0	0	26	0
1	0	0	0	1	27	0
2	0	0	0	0	34	0
1	0	0	1	1	36	0.334
2	0	1	0	0	37	0.7444
1	1	0	1	1	39	0.7292
1	1	1	0	0	39	0.6962
2	1	0	1	0	41	0.3423
1	0	0	1	1	42	0.4563
1	0	0	0	1	43	0.4128
1	1	0	1	1	44	0.4205
1	1	1	1	1	46	0
1	1	1	1	1	48	0.8779
2	0	0	1	1	49	1.3272
2	1	1	1	0	49	1.7561
1	1	0	1	1	51	0.348
2	0	1	0	0	53	0.3576
1	1	0	1	1	54	0
2	1	0	1	1	57	0.4824
1	1	0	1	0	59	0.727
2	0	0	1	.	61	1.0624
1	0	1	0	0	61	1.1096
2	1	1	1	1	62	0.5008
2	0	0	1	1	62	0.5859
2	0	1	1	1	66	0.5819
1	0	0	1	0	68	1.4396
2	1	0	1	1	73	0.63
1	0	0	1	0	74	0.7054
1	1	0	1	1	74	0.6979
2	1	0	1	1	76	0
1	0	0	0	0	77	0.3819
2	0	0	1	1	77	1.3999
2	1	1	1	1	79	0.8903
2	0	0	0	0	84	1.5842
2	0	0	1	0	84	1.0874
2	1	1	1	1	87	1.2595
2	0	1	1	1	88	0.8376
1	0	0	1	1	90	0.8441
2	.	.	.	.	90	0.3464
1	1	1	1	1	91	0.7481
2	1	1	1	1	92	0.5971
2	0	0	1	1	92	0
2	0	0	1	0	93	1.3808
2	0	0	1	1	94	0.3707
1	0	0	1	1	95	0
2	0	0	1	1	96	1.2526
1	0	0	0	0	97	0.894
2	0	0	1	0	98	0.7289
2	1	1	1	1	1	0.8545
1	1	0	1	1	1	1.9497
2	1	1	1	1	2	2.0492
2	0	0	1	0	3	0
1	0	0	0	1	4	0.7916
2	0	0	1	0	4	0
2	0	0	1	1	5	0.7387
1	0	1	1	0	6	0.8273
2	1	1	1	1	7	0.7235
1	1	0	1	1	7	1.2436
1	1	0	1	1	8	0.6846
1	1	1	1	1	9	1.6672
2	1	1	1	1	10	0.5958
2	1	0	1	1	11	0.7455
2	0	1	1	1	12	0.981
2	0	0	1	1	12	0.6138
2	0	0	1	0	14	0.7095
1	1	0	0	1	16	0.8314
2	1	0	1	1	16	2.0794
2	1	0	1	0	17	0.8152
2	0	1	0	0	21	0.5545
1	0	0	1	1	22	0.3675
1	0	0	1	1	27	1.5874
2	0	0	1	1	29	0.4208
1	0	1	0	0	30	0.3552
1	0	0	1	0	30	1.4156
1	1	0	1	1	32	0.3557
2	0	1	0	1	35	1.5753
2	.	0	.	1	36	0.6521
2	1	1	0	1	38	0.2732
2	1	0	1	0	39	0.682
2	1	1	1	1	41	0.9224
1	0	1	0	1	41	3.8716
1	1	0	1	1	42	1.0531
2	1	0	0	1	46	0
2	1	0	1	1	48	0.3582
2	1	1	1	1	49	0.9746
2	1	0	1	1	50	1.6101
2	1	1	1	1	50	0.5545
2	0	1	0	1	51	0
2	0	0	1	1	52	0.3753
1	1	1	1	1	53	1.2003
1	1	0	1	0	54	0.431
1	0	0	1	0	55	0.907
2	0	0	1	1	56	1.299
1	1	1	0	1	57	0
1	1	0	1	1	58	0.7767
2	0	0	1	1	59	1.0488
2	0	1	1	1	60	0.6263
2	1	0	1	1	62	0.8545
1	0	1	1	1	64	0.7089
1	0	0	1	0	64	0.4493
1	1	0	0	1	68	0.6986
2	1	0	1	0	69	0.7512
2	1	0	0	0	69	0.6449
2	0	0	1	1	70	1.546
2	0	0	1	1	71	0.2781
2	0	0	1	1	73	0.431
2	1	0	1	1	75	0
2	1	0	1	1	76	0
2	1	0	1	1	77	0
1	1	1	1	0	77	1.8835
1	1	0	1	1	80	0.7126
2	1	1	1	1	84	0.8404
1	0	1	1	1	85	0.3126
2	1	1	1	0	86	1.158
2	0	0	1	1	87	0.7022
2	0	0	0	1	89	0.5772
2	1	0	1	1	89	0.3335
1	0	0	1	1	91	1.961
1	1	0	0	0	97	0.671
2	0	0	0	1	100	2.8176
2	1	0	1	1	100	0.3707
2	1	0	1	1	2	0.8369
2	.	.	.	.	3	1.1766
1	1	1	1	1	5	0.7602
1	1	1	1	1	6	0.3803
1	0	0	1	1	8	0.6759
1	1	1	1	0	9	0.671
2	0	0	1	1	10	0.4154
2	1	0	1	1	12	1.2353
1	0	1	1	1	12	2.0554
1	1	0	0	1	13	0.7508
2	1	0	0	1	15	0.4337
2	1	0	1	1	17	0.4263
2	1	0	1	1	18	0.3464
2	0	0	0	0	20	0.3877
1	1	1	1	1	22	0.8356
2	0	0	0	1	25	0
1	1	0	0	1	25	0.8425
1	0	0	0	1	27	1.8242
2	1	0	1	1	29	1.388
1	1	0	1	1	30	0.4317
1	1	1	1	1	31	0.5826
2	1	1	1	1	35	0.8956
1	1	0	1	1	35	0.4354
1	0	1	0	0	36	0.8417
2	0	0	0	0	38	0.8008
2	1	0	1	1	40	0
2	1	0	1	1	41	1.0997
1	1	1	1	0	42	0.765
1	0	0	1	0	43	1.0488
1	1	1	1	1	45	0
1	0	0	1	1	47	1.8984
1	0	1	1	1	48	0.3527
2	1	1	1	1	49	0.3356
1	1	1	1	1	49	0.4307
2	1	1	1	0	52	1.3407
1	0	0	0	1	53	1.3859
2	0	1	1	1	54	1.5456
2	0	0	0	0	55	0.8353
2	0	0	0	1	55	0.6977
1	0	0	1	1	56	0
2	1	0	1	1	58	1.9705
2	1	0	1	1	59	0.8422
2	1	0	1	1	62	1.9843
2	0	0	1	0	63	1.0903
2	0	0	1	1	66	0.9948
1	0	0	1	1	69	1.1389
2	0	0	0	1	70	1.6609
2	1	1	1	1	71	0.8022
2	0	0	1	1	72	1.2812
1	1	0	1	1	73	1.6435
2	1	1	1	0	75	0.7471
2	1	0	0	1	75	0.9011
1	1	0	1	1	76	0.7455
2	0	0	1	1	76	1.3999
2	1	0	1	0	79	0.9808
2	0	0	0	1	81	1.8393
2	1	0	1	0	81	0.5065
1	1	1	0	1	86	0.9626
1	1	0	1	1	87	0.6294
1	1	1	1	1	88	0
1	0	0	1	1	90	0.7325
1	1	1	0	1	90	0.3675
2	1	0	1	1	91	0.3409
1	0	1	1	0	94	1.7495
2	1	1	1	1	96	0.9377
2	0	1	0	0	98	1.0549
2	1	1	0	0	99	0
2	1	0	1	0	100	0.4154
2	1	0	1	1	1	0.8425
2	0	0	1	0	3	2.0439
1	0	0	0	0	7	0.3686
1	1	0	1	1	10	1.4972
1	0	0	1	1	11	0.6552
1	0	0	1	1	12	0.3591
1	1	0	0	0	15	0
2	1	0	1	1	16	0.9369
1	0	0	1	0	18	1.5715
1	0	0	0	0	19	0.3423
2	0	0	0	0	21	1.5305
1	0	0	0	1	22	1.3047
1	1	1	1	1	24	0.7508
1	0	0	1	0	27	0.6914
2	0	0	0	1	29	0
2	0	0	1	0	30	2.4978
1	0	1	1	1	31	1.8599
2	0	0	0	1	32	0.521
2	0	1	0	1	33	0.8958
1	1	0	1	1	34	0.9677
1	0	0	1	0	34	0
2	1	1	1	1	36	0
2	0	0	1	1	39	1.0707
2	0	1	0	0	39	0.8953
2	0	0	0	0	43	2.247
2	0	0	0	1	43	0
2	.	.	.	.	44	1.1935
2	1	0	1	0	45	1.7345
1	0	0	0	1	47	0.3147
2	1	0	1	1	49	0.9778
2	1	1	1	1	52	0.8739
2	1	0	0	0	52	0
1	0	1	0	0	56	1.4497
2	1	1	1	0	56	0.4415
2	1	1	0	1	57	1.757
2	0	1	0	1	59	0
1	1	0	1	1	60	0.446
1	1	0	0	0	61	1.0556
1	1	1	1	1	63	1.1229
2	1	0	1	1	65	1.1819
2	1	0	1	1	65	0.4336
2	1	1	1	1	66	0.6519
2	0	0	0	0	68	1.4088
2	0	1	1	1	68	0.4687
2	1	0	1	1	69	0.9768
2	0	0	1	1	69	0.3493
2	0	0	1	0	70	0.8422
1	0	0	0	1	71	0.7059
2	1	0	1	0	73	2.6103
1	0	0	0	0	74	0.7201
1	1	0	1	1	76	0
2	1	1	1	1	77	0.8172
1	1	0	1	1	77	0
1	0	0	1	1	78	0.6263
2	1	0	1	1	79	0.5531
1	1	1	1	1	81	0.6896
1	1	0	1	1	82	0.8425
1	0	0	1	1	82	0.8425
1	0	1	0	1	83	0.4234
2	0	0	1	0	84	0
2	0	0	1	1	86	0
1	0	0	0	0	86	2.5016
1	1	0	1	1	89	1.0424
1	0	0	1	0	90	0.8614
2	0	0	1	1	94	0.3319
1	.	.	.	.	94	0.37
1	0	0	1	1	95	0.8378
1	1	0	1	1	96	1.4843
1	0	0	1	0	97	0
2	.	0	0	0	97	1.535
2	1	0	0	0	100	0
1	0	0	1	1	1	0
1	1	0	1	0	1	0.3934
2	0	0	1	1	2	0.3702
2	1	1	1	1	4	0.5487
1	0	0	1	0	5	0.6182
1	0	0	1	0	6	1.5119
1	0	0	1	0	8	1.4921
2	1	0	0	1	9	0.6525
2	0	1	0	0	10	0.8534
2	0	0	1	1	11	0.9043
2	0	0	0	0	13	0.7411
1	1	0	1	1	13	1.2405
2	0	0	1	1	15	1.3811
2	0	0	0	1	16	0.7808
1	1	1	1	1	19	0.771
1	1	0	1	1	20	0.771
2	0	0	1	0	21	0.7508
2	1	0	0	0	22	2.1544
2	1	0	1	0	23	3.2843
2	1	0	1	1	24	0.6725
1	0	1	1	0	24	0.6896
1	1	0	1	1	25	0.5299
1	0	0	1	0	26	0.3591
1	0	1	1	0	29	0
2	0	0	1	0	29	1.3807
2	1	.	1	1	31	0.3749
2	0	0	1	1	33	0
2	1	1	1	1	36	1.8213
2	0	0	1	1	36	0
1	1	0	1	0	38	0.7052
2	1	0	1	1	38	0.9631
1	0	0	1	1	39	0.8474
1	1	0	0	1	41	0
1	0	0	1	1	41	1.0424
1	0	0	1	1	42	0.8332
2	.	.	.	.	44	0
1	0	0	1	1	46	0.8032
1	0	0	1	0	49	0.7305
1	1	.	.	.	49	0.3858
1	0	0	1	1	53	1.3542
1	1	0	1	1	53	1.974
2	0	0	0	1	54	2.996
1	1	0	1	0	56	0.8812
2	1	0	1	1	56	2.0685
1	.	1	1	1	57	0
1	1	1	1	1	61	0.4513
2	0	0	1	1	62	1.1537
1	0	0	1	1	63	0
1	1	0	1	0	64	0.8669
2	1	1	1	0	65	0.6182
1	0	0	1	1	65	0
2	0	0	1	0	66	0.6549
1	0	0	0	1	69	1.5606
2	0	0	0	0	72	0.8892
2	1	.	1	1	74	3.9978
1	0	0	1	1	75	0.8897
1	0	1	0	0	75	1.6407
2	0	0	0	0	76	0.3234
2	0	0	1	1	77	0.6374
2	1	0	1	0	79	0.8495
2	0	1	1	1	82	0
2	0	0	0	0	84	1.6374
1	1	0	0	1	85	0.3858
2	0	0	1	1	87	1.0488
1	1	0	1	1	91	0.6846
1	0	0	1	1	95	0.8172
2	1	0	1	0	96	2.0794
2	0	1	1	1	96	0
2	0	0	1	1	100	1.2231
2	1	1	1	1	1	0
2	0	1	0	1	4	0.4116
1	.	0	1	1	10	0
1	0	0	1	1	11	0.9593
1	1	0	1	0	12	0.6138
1	0	0	1	1	13	0.7266
2	1	1	1	1	15	0.7071
2	0	1	1	0	16	0.7392
1	1	0	1	0	18	0.6525
2	0	0	1	1	19	0.8314
2	0	0	0	0	20	0.3464
1	1	1	1	0	21	0.8232
1	1	0	1	0	23	1.3653
2	1	0	0	1	24	1.859
1	0	1	1	0	25	0.8356
1	1	1	1	1	25	0.771
1	0	0	1	0	26	0.8327
1	1	1	1	1	30	0.7663
2	1	1	1	1	32	0
1	1	0	0	0	33	0.786
2	1	0	0	1	34	0
1	0	0	0	1	35	0.4513
2	0	0	1	1	38	1.3848
2	1	0	1	1	39	0.6279
2	0	1	1	1	39	0.7913
1	0	0	1	0	40	0.6129
1	1	1	1	1	41	2.626
2	0	0	0	1	41	1.8157
2	1	0	1	1	43	0.362
2	1	0	1	1	43	1.4474
2	0	0	0	0	46	0.7201
1	0	0	1	1	47	3.2944
2	0	0	1	0	47	0.7235
1	1	0	1	0	49	0
2	1	1	1	1	50	0
2	0	0	0	0	51	0.8164
1	1	0	1	1	52	0.4502
1	0	0	0	0	56	0
1	0	0	1	1	60	3.6063
2	0	0	1	1	61	0.4191
2	1	1	1	1	62	0
1	1	1	1	1	62	1.4887
1	1	0	1	1	66	1.6309
2	0	0	1	1	67	1.4017
1	0	1	1	0	69	0.3335
2	1	1	1	1	69	0
2	1	1	1	1	72	1.0155
2	1	0	0	1	74	0.6129
2	0	1	1	1	77	1.3457
2	1	0	1	1	79	0.8614
2	0	0	1	1	80	0.8482
1	1	1	0	1	81	0.3968
1	1	0	0	0	82	0
1	0	1	0	0	83	0
2	0	1	1	1	85	1.6605
1	0	0	1	1	87	1.8371
2	1	1	1	1	88	1.1635
1	1	1	0	1	89	1.6109
1	0	0	0	1	90	0.3705
2	1	0	1	0	91	0.9212
2	1	0	1	1	92	0.4314
2	0	1	1	1	94	0.3134
2	1	0	1	1	99	0.3407
2	0	1	1	1	100	0.6279
1	0	0	1	1	1	0.8314
1	.	.	.	.	6	0
2	0	0	1	1	12	1.1174
2	0	0	1	0	12	0.3963
2	0	0	1	0	13	0.4582
2	0	0	1	1	15	0
1	1	0	1	1	16	0.8092
1	0	0	1	1	19	0
1	0	1	1	1	19	2.6045
1	.	.	.	1	21	0
1	1	0	0	1	21	0
2	1	0	0	0	24	1.1118
1	0	0	1	1	25	3.7643
2	1	1	1	1	26	0.7833
1	0	1	1	1	27	1.6654
1	1	0	1	1	28	0.5459
2	0	1	1	1	31	1.2665
2	0	0	0	0	35	1.8914
2	1	0	1	1	36	0.7537
1	.	.	.	.	38	0.478
1	0	1	1	1	41	0.6861
1	1	0	1	1	43	1.0338
1	1	0	1	1	45	1.432
2	1	1	1	0	46	0.8791
1	0	0	1	1	48	1.2154
1	0	0	1	0	49	0.431
1	0	0	1	0	57	0.6699
2	0	0	1	1	60	1.3021
2	1	0	1	1	61	0
2	0	1	0	0	62	1.1243
2	1	1	1	0	64	0.4635
2	0	0	0	0	65	0.4184
1	0	0	0	0	65	0
1	1	0	1	1	66	0.5958
1	0	0	1	1	67	0.8403
2	1	0	1	1	68	0.5031
1	.	.	.	.	69	1.3835
2	0	1	1	1	71	0.4241
2	1	1	1	1	72	0.7504
1	1	0	0	1	73	0.5986
1	0	0	0	1	76	0.8779
2	0	0	1	1	78	1.1298
1	0	1	1	1	80	0
1	0	0	1	0	81	0
1	0	0	0	0	81	1.4766
2	0	0	1	1	84	1.4316
1	0	0	0	0	87	0.6259
2	1	0	0	1	87	1.087
1	0	0	0	0	88	0.3707
1	0	0	1	1	90	0.3228
2	1	0	0	0	92	1.7655
2	0	0	0	0	93	0.745
1	0	0	1	0	98	0.408
2	1	0	1	1	98	0.3927
1	0	1	1	0	99	0.9749
2	0	0	1	1	100	0.8741
2	1	0	1	1	1	0.5121
1	1	1	1	1	2	0.8425
2	1	1	1	1	3	0.5993
2	0	1	1	1	5	0
1	1	1	1	1	6	1.5363
2	1	0	1	1	6	0.832
2	0	0	0	0	7	0.639
1	0	0	0	1	8	0
2	1	0	1	1	9	0.8526
2	0	1	1	0	11	0.464
1	0	0	0	0	17	1.0602
2	0	0	1	0	18	0.6984
1	0	0	1	1	18	0.4183
1	1	1	1	1	21	0.8273
2	0	0	1	1	23	0.5392
1	1	1	1	1	23	0.6479
1	1	1	1	1	24	0.741
2	0	0	1	0	26	1.7351
2	0	0	1	0	29	0
2	0	0	1	1	31	0.3805
1	1	0	1	1	32	0.671
2	1	0	1	1	32	1.525
1	1	0	1	1	33	0.4143
1	.	1	1	1	34	1.7385
1	0	0	1	1	34	0.8989
1	0	1	0	0	36	2.4654
1	0	0	1	1	40	0.9441
1	0	0	0	0	45	0.5942
2	1	0	1	1	46	0.6068
1	0	0	1	0	47	1.9895
1	.	.	.	.	50	0.4208
2	0	0	0	0	53	1.2916
1	1	0	1	1	55	2.0242
1	1	0	1	1	56	0.4679
2	1	1	1	1	58	0.3917
2	.	.	.	.	58	1.4237
1	1	1	1	1	60	0.6846
1	0	0	1	1	61	1.4875
2	0	0	0	0	62	1.4013
2	0	0	1	0	64	0.9068
2	1	1	1	0	65	0.8091
1	0	0	0	1	66	1.3729
1	1	0	1	1	68	0.3567
1	1	0	1	1	70	0
2	0	1	1	1	71	0.3407
1	1	1	1	1	72	0.5958
2	1	1	1	1	72	0.3916
1	1	0	1	1	73	0.5872
2	0	0	0	1	74	1.4954
2	1	0	1	1	75	0.8792
2	0	0	1	1	76	0.3431
1	1	0	1	0	77	0.8936
2	1	0	1	1	78	3.1499
1	0	0	1	0	78	0.7607
1	1	0	1	1	79	1.2607
2	1	1	1	1	80	1.176
1	1	0	1	1	83	0.8676
1	1	0	0	0	86	1.5003
1	1	0	1	1	87	0.9418
2	0	0	1	1	88	0.5575
2	1	0	1	1	89	0
1	1	1	1	1	91	0.3776
1	0	1	1	1	91	0.4586
2	1	1	1	1	92	0.7628
1	1	0	1	1	92	0.3591
2	0	0	1	1	94	0.3261
2	0	0	1	1	96	0.4034
2	1	0	1	1	97	0.3109
2	1	0	1	1	98	0.5822
2	1	0	1	0	98	0.4763
1	0	0	1	1	2	0
2	0	0	0	1	3	0.7392
1	0	0	0	0	4	0
1	0	0	0	1	5	0.6129
1	1	1	1	1	6	0.9489
2	1	1	1	1	6	0.3599
2	1	1	0	0	7	0.3877
2	1	1	1	1	8	2.2025
1	0	0	1	0	9	1.0488
2	0	0	1	1	10	0.4543
2	1	0	1	1	11	1.3109
1	1	0	1	0	12	0.764
2	0	0	1	1	12	0.8545
2	0	0	0	1	15	0.4859
1	0	0	1	1	16	0.6513
1	1	1	1	1	21	0.644
1	0	0	0	0	22	1.2844
2	1	0	1	1	23	0.6453
1	1	0	1	1	26	0
2	1	0	0	0	27	0
1	1	0	1	1	30	0.4891
1	1	1	1	1	32	0.7862
2	0	0	1	0	34	0.8425
2	1	1	0	1	35	0.4154
2	0	0	1	1	37	2.386
1	1	0	1	1	38	1.2963
1	.	.	.	.	39	0
2	1	1	1	1	40	0.4059
2	0	0	0	0	41	1.5389
2	1	0	1	1	43	0.8246
2	1	1	1	0	46	1.0075
2	1	0	1	1	47	1.1284
2	1	0	1	0	48	1.6016
2	1	1	1	1	48	0.7304
2	1	1	1	1	53	0
1	0	0	1	0	54	0
2	0	1	1	1	54	1.0424
2	1	0	0	0	55	4.7304
1	0	0	1	1	56	0.4167
1	0	0	1	1	56	1.5988
2	1	1	0	0	57	0.362
1	1	0	1	1	60	0.8378
1	0	0	1	0	61	1.2202
1	1	0	1	1	61	0.6138
1	0	.	0	0	63	0
2	0	0	1	1	64	0.3503
1	0	0	1	1	67	1.7734
1	1	0	1	0	67	0.7273
2	0	1	0	0	69	2.2038
2	0	0	0	0	70	0.9188
1	1	1	1	1	71	0.3858
1	1	0	1	1	74	0.4621
1	0	0	1	1	77	1.0575
2	0	0	1	0	78	1.5328
2	1	0	1	1	80	0.3477
2	0	0	0	1	81	0.6234
1	0	0	1	0	81	0.3348
1	0	1	1	1	82	0.7465
2	1	0	0	0	83	1.446
2	1	0	1	1	83	0.4414
2	0	0	1	1	86	0.8267
1	0	0	1	1	88	0
2	0	0	0	0	88	0.8608
2	1	0	1	0	89	0.4841
2	1	1	1	1	90	0.4536
2	1	1	1	1	90	0.5958
1	1	1	1	1	92	0.671
2	0	0	1	1	93	0.7085
2	1	0	1	1	93	0.4797
1	0	1	1	1	95	0.5477
1	0	1	1	1	95	0.7481
1	1	0	1	0	96	0.8545
2	0	0	1	0	97	0.3581
2	1	0	0	1	97	2.0031
2	0	0	0	1	99	1.3349
1	1	1	1	1	100	0.8376
1	1	1	1	1	1	0
1	1	1	1	1	7	0.7906
1	1	0	1	1	7	1.2149
1	0	0	1	1	8	1.3847
2	1	1	1	0	11	0.3944
2	1	0	1	1	12	0.703
2	0	0	1	1	13	1.287
1	1	0	1	0	14	0.9677
2	0	1	1	1	15	0
1	1	1	1	1	16	1.7513
1	1	0	1	1	16	0.6493
2	1	0	1	1	17	1.1597
2	0	0	1	1	20	0
1	0	0	1	1	21	1.568
2	1	0	1	1	23	0.848
2	1	0	1	1	26	1.1971
1	0	0	1	0	27	0.476
2	1	1	1	0	28	0.7504
1	0	0	0	0	31	0.6899
2	.	.	.	.	32	0
1	1	1	1	1	33	1.4034
1	0	0	1	0	35	1.5167
1	1	1	1	0	37	0.6031
2	1	0	1	1	40	0.7504
1	1	0	0	1	41	0.6169
1	1	0	0	1	42	0.5958
2	0	0	1	1	43	0
2	1	0	0	1	44	0.7925
2	1	1	1	1	44	0.7235
2	1	0	1	1	45	0.4314
2	.	.	.	.	45	0
2	1	1	0	1	47	3.6902
1	1	1	1	1	48	0.5793
1	1	1	1	0	49	0.3998
1	0	1	1	0	50	0.4263
2	0	0	1	1	52	1.2303
1	1	0	1	1	53	0.9589
2	0	0	1	1	55	0.6083
1	1	0	1	1	58	0.8111
2	1	1	1	1	60	1.0425
2	1	1	1	1	64	0.8341
2	0	0	0	0	66	0.387
1	1	1	0	0	68	0.8844
1	1	1	1	1	69	0.3516
2	1	0	1	1	70	0.8553
1	0	0	1	1	71	0.9677
1	0	0	0	0	72	0
2	1	0	1	1	73	1.1568
2	0	0	1	0	74	0.3517
2	0	0	0	0	74	0
1	1	0	1	1	76	1.8017
2	0	0	1	1	79	1.2808
2	0	0	1	1	79	0.4919
1	1	1	1	1	80	0
1	1	0	1	1	82	2.0412
1	1	0	1	0	84	0.3989
2	0	0	1	1	86	0.7546
2	1	1	1	1	87	1.5479
1	1	0	0	1	89	0.3308
1	1	1	1	0	90	0
1	0	1	0	0	91	0.9613
1	1	0	1	1	92	0.7837
2	0	0	1	0	92	0.8153
2	1	0	0	1	93	1.7789
2	0	0	.	.	94	1.4525
2	0	0	1	1	94	0
1	0	1	1	1	95	0.435
2	0	1	0	0	95	0.8401
2	1	0	1	1	100	0.8099
1	1	0	0	0	100	2.1981
2	1	0	1	0	3	0.3576
2	1	0	1	1	4	0
1	1	0	1	1	4	1.4006
1	1	1	1	1	5	0.8863
2	1	0	1	1	5	1.6689
1	0	0	1	1	7	0.7325
1	1	0	1	1	8	0.8425
2	.	.	.	.	10	0.8119
1	0	0	0	1	13	0.7607
2	0	0	0	1	14	0.521
2	1	1	1	1	16	0.4844
2	1	0	0	0	21	0.7235
2	1	1	1	1	23	1.0488
2	0	1	0	0	24	0
1	0	1	1	0	25	1.4558
2	0	0	1	1	27	4.8193
2	0	0	1	0	28	1.729
1	0	0	1	1	30	3.4082
2	0	0	1	0	30	0.4109
2	0	1	1	1	36	1.7647
2	1	0	1	1	39	0
2	0	0	1	1	39	1.0139
1	1	0	1	1	41	1.4624
1	1	0	1	1	42	0
2	0	0	1	1	43	1.894
1	0	0	1	0	44	0.8232
2	0	0	0	0	45	0.7319
1	0	0	1	1	45	0.8314
2	0	1	1	0	46	0.9133
2	1	0	1	1	47	0.9842
1	0	0	1	0	47	0.8989
2	.	.	.	.	50	0
2	.	.	.	.	51	0.5195
2	0	0	1	0	53	0.6129
1	0	0	1	0	56	0.3928
2	0	0	1	1	57	0.8565
2	1	0	0	1	57	0.7835
1	0	0	1	1	58	0
2	1	0	1	1	60	0.478
1	1	0	1	1	62	1.6503
1	0	0	1	1	64	0.8367
1	1	1	1	1	65	1.8848
1	0	0	1	1	66	1.5909
1	1	1	1	1	70	0.4698
1	0	0	1	1	70	0.4193
2	1	1	1	1	71	0.9476
1	1	1	1	1	71	0.8844
2	0	0	0	0	75	0.5274
1	1	1	1	1	76	0.8707
2	0	0	1	1	78	0
2	0	0	1	1	78	1.0338
2	1	0	1	1	80	0.885
2	0	1	1	1	81	1.9536
1	1	1	1	1	84	1.9403
2	0	0	1	0	85	1.1118
1	0	0	0	.	91	0.6663
2	1	0	1	1	92	0.435
2	0	0	0	1	93	1.1118
1	0	0	0	1	94	0
2	0	1	1	1	95	0.7351
2	1	0	1	0	96	0.6501
2	1	1	1	1	98	0.7644
1	0	0	1	1	100	0
2	0	0	1	1	100	0.4862
2	0	0	1	0	2	0.4128
2	0	1	0	1	7	0.8455
2	.	.	.	.	7	0
2	0	1	1	1	8	0
1	1	0	0	1	8	0.6804
1	0	.	0	1	10	0.7252
2	0	1	1	1	10	0.9445
2	0	1	0	0	11	2.3631
1	0	0	1	1	12	0
2	1	0	1	0	14	0
1	.	.	.	.	15	1.0338
1	1	1	1	1	16	0.3916
1	1	1	1	1	17	1.4371
2	1	1	1	1	18	1.517
2	0	1	1	1	20	0.4871
2	0	0	1	1	20	1.1185
2	1	0	1	1	25	0.8779
1	1	1	1	1	26	0.8956
2	0	0	0	1	29	2.2673
1	0	0	1	1	30	0.8353
1	0	1	0	0	30	0.3591
1	1	1	0	1	31	2.6425
2	1	1	1	1	31	2.0999
2	1	.	.	.	32	0.3503
1	1	1	1	1	33	0.63
1	0	0	0	0	33	0
2	0	0	1	1	34	0.3464
2	1	0	1	1	34	0.6276
1	0	0	0	1	36	0.9384
2	0	0	0	1	36	0.3764
1	0	0	1	1	37	0.4183
2	0	0	1	1	39	1.2372
1	0	1	.	.	42	0.7326
1	1	1	1	1	42	0.4369
2	1	1	1	1	43	0
2	1	1	1	1	48	0.8956
1	0	0	1	1	49	1.1463
2	0	0	1	0	50	0.4972
2	1	0	1	1	51	1.6708
1	1	0	0	0	54	0.6374
2	1	0	1	1	55	0.6097
2	0	0	1	1	57	1.4017
1	0	0	1	0	63	0.3923
1	1	1	1	1	65	0.9432
1	0	0	1	1	66	0.6249
2	0	0	1	0	67	0
2	1	1	1	0	67	0.3552
1	1	1	1	1	68	0.5198
2	0	0	1	0	68	0.981
2	.	.	.	.	69	0.521
1	0	0	0	1	71	0
2	1	1	1	1	71	0.5064
1	0	0	1	1	72	0
2	0	0	0	0	77	1.4812
1	1	1	1	0	78	0
1	1	0	0	0	79	1.3971
2	0	0	1	1	81	2.0511
2	0	1	1	1	83	1.4812
1	1	1	1	1	85	0.8677
1	0	0	1	1	85	0.431
2	0	0	1	0	88	1.8781
1	1	1	1	1	90	0.6846
2	0	0	1	1	92	3.1371
1	0	0	1	1	93	0
1	1	0	1	1	94	2.2252
2	0	0	1	0	97	0.8079
2	0	0	1	1	100	0.409
1	0	0	0	1	1	1.7074
2	.	0	1	0	2	0.3749
1	1	0	1	1	3	0.8842
1	1	1	1	1	4	0.7226
1	1	0	1	1	5	1.0418
1	0	0	1	1	6	0.7589
1	0	0	1	1	7	0
2	0	0	0	0	10	1.1116
1	1	0	1	1	16	0.7508
2	1	0	1	1	17	0.8495
2	1	1	0	1	17	0.8382
2	0	0	.	.	19	0.4809
2	1	1	1	1	19	0.3228
1	0	0	1	1	23	0
1	1	0	1	1	23	0.7735
2	1	1	1	1	24	0.9119
2	.	.	.	.	25	0
1	0	0	1	0	26	0.7235
1	0	1	0	0	27	0.9076
1	1	0	1	1	28	0.6981
1	1	0	1	0	28	0
2	1	0	1	1	30	0
1	1	1	0	1	31	0.9068
2	1	0	1	1	31	0.8791
2	0	0	0	0	32	0.6131
2	1	0	1	0	33	0.8897
2	1	1	1	1	36	1.0338
2	1	1	1	1	37	0.3582
1	0	0	1	1	38	0.6097
2	1	0	0	1	39	0.7824
1	.	.	.	.	41	0
2	1	0	1	1	42	1.3478
2	0	1	1	1	43	0.8739
1	1	0	0	1	44	1.406
2	1	0	1	1	45	2.0547
1	1	1	1	1	46	0.7404
1	0	0	0	1	46	0.7681
1	.	.	.	.	51	0
1	.	.	.	.	53	0
2	1	1	1	1	54	0.3858
1	1	0	1	1	54	1.3528
2	0	0	0	0	56	0.7604
2	1	1	1	1	56	1.6309
1	.	.	.	.	63	0.7504
1	0	1	1	1	64	1.3387
2	1	0	1	1	65	1.4665
1	1	0	1	1	66	0
2	1	1	0	1	68	0.6182
1	0	1	1	1	73	2.0136
1	1	0	0	0	74	0.877
2	1	0	1	1	76	0.4851
2	0	1	0	1	79	0.521
2	.	0	.	.	80	2.1425
1	1	0	1	1	80	0.894
2	1	0	1	0	82	1.5363
1	.	.	.	.	83	0
1	1	1	1	1	85	0.6899
1	0	1	1	1	89	0.7662
1	0	0	1	1	91	0.3582
2	0	0	1	0	91	0.9058
1	0	0	1	1	93	0.771
2	1	0	1	1	93	0.6896
1	.	.	.	.	94	0
2	0	0	1	1	95	0.3866
2	1	0	1	1	95	0.8958
1	0	1	1	1	96	0
2	1	1	1	1	98	0.6218
1	1	1	1	1	1	0.6129
2	0	0	1	1	3	0.5019
1	1	0	0	1	7	2.0819
2	1	1	1	1	8	0.4894
2	0	0	0	1	12	0.9592
2	0	1	1	1	13	1.2245
2	0	0	.	0	14	1.4755
1	0	0	1	0	15	0.8833
1	1	0	0	1	16	1.7676
2	0	0	0	1	17	0.764
1	0	0	0	1	20	0.7163
2	1	1	1	1	22	0.6401
2	1	1	1	1	24	0.3039
2	0	0	0	0	25	0
2	0	0	0	.	25	0
1	1	1	1	1	26	0.4368
1	1	0	0	1	32	0.4085
2	0	0	1	1	33	1.1857
1	1	1	1	1	36	1.0828
1	1	0	1	0	38	0.8614
2	1	1	1	1	39	2.7043
2	0	0	1	1	41	1.5398
2	0	0	0	0	43	0.7755
1	0	0	1	1	43	0.2651
1	1	0	1	1	44	0.6259
2	1	0	1	0	44	0.4758
1	0	0	1	0	46	0.9417
1	0	0	1	1	48	4.76
2	0	0	1	1	49	1.6313
2	0	0	1	0	52	0
1	0	0	1	1	53	0.8273
2	0	0	1	0	55	0.412
2	1	0	1	0	56	0.5331
2	1	0	0	1	59	0.7642
1	0	0	0	1	61	0.4915
1	0	0	1	1	62	0.3928
2	1	0	1	1	63	0.6479
2	1	0	0	1	66	0.7588
1	0	0	0	0	67	1.9435
1	1	1	1	0	68	0.7318
1	1	0	1	1	69	1.3835
2	0	1	1	0	70	0.4128
1	1	0	1	1	71	2.3588
1	0	0	1	1	76	0.75
2	1	0	1	1	78	0
2	1	1	1	1	79	1.5379
2	1	0	0	0	80	0
2	1	1	1	1	83	0.8091
2	0	1	1	1	85	1.281
1	1	1	1	0	86	0.762
2	1	0	1	1	86	0.8302
2	1	1	1	1	87	0.8739
1	1	1	1	1	90	0
1	0	1	1	1	91	0.3607
2	0	0	1	1	92	0.7468
2	1	0	1	0	93	0.7202
2	.	1	0	1	95	1.599
2	1	0	1	1	97	1.2533
2	0	1	1	1	99	1.0489
1	1	1	1	1	1	0.7071
2	0	0	0	1	2	0
2	1	1	1	1	3	1.3471
2	1	1	1	1	7	0.6249
1	0	1	1	1	9	1.9056
2	0	0	0	0	11	0
1	0	0	0	0	12	0.8534
2	0	0	1	1	15	1.2517
2	1	1	1	1	16	0.347
2	0	0	0	0	18	0
1	1	0	1	1	21	0.8614
2	0	0	1	1	21	0.6685
2	0	0	1	0	22	0
2	1	1	1	1	22	0.3974
2	0	0	1	1	23	0.3634
2	0	0	1	1	27	1.3133
1	0	0	0	0	29	0.9618
2	1	0	1	1	30	1.6665
1	.	.	.	.	33	0
2	1	0	1	1	35	0.6015
1	1	0	1	1	37	0.7477
2	0	0	1	1	40	0.4063
1	0	0	1	1	41	0.8246
2	0	1	1	1	41	1.339
1	0	1	1	0	42	0.771
1	1	1	1	1	47	1.2948
2	0	0	0	0	48	1.2609
1	1	0	0	0	49	0.6855
2	0	0	1	1	51	0
2	0	0	0	1	52	0.6218
2	1	1	1	0	53	0.7235
2	0	0	0	1	54	1.3365
1	0	0	1	1	55	0.4153
1	1	0	0	0	56	0
1	0	1	1	1	57	0.6451
2	0	0	1	1	59	1.2817
2	1	0	1	1	60	0.8376
2	0	0	1	0	66	1.5479
2	1	0	0	1	67	1.332
2	0	0	0	0	68	3.0911
2	1	1	1	1	69	0.4845
1	1	0	1	1	69	0.7508
2	1	0	1	1	71	1.9786
2	0	1	1	1	71	1.1661
2	1	1	1	1	72	0.9932
1	1	0	1	1	73	0
1	1	0	1	1	74	0
1	0	1	0	1	77	0
2	1	0	1	1	80	0
1	1	0	1	1	80	0.6138
1	0	0	1	1	82	0.9011
1	1	0	1	1	84	0
2	0	1	0	0	85	0.5149
1	1	0	1	1	87	0.424
1	0	0	1	0	88	0.7663
2	1	0	0	1	91	0.3611
1	1	0	1	1	93	0.7481
2	1	1	1	1	97	0
2	0	0	1	1	98	1.0744
2	0	0	0	0	99	0.6241
1	0	0	0	1	2	0.8565
2	1	0	1	1	2	0.4619
1	0	0	1	1	6	0.8092
2	1	0	1	1	9	0.6677
1	1	0	1	0	9	0.9085
1	1	1	1	1	11	0.8587
2	1	0	1	1	13	1.2467
1	0	0	1	1	14	0.7239
1	1	0	1	1	17	1.4755
1	0	0	0	0	18	0.6962
2	1	0	1	1	19	0
1	1	0	1	1	19	1.1919
1	0	0	0	1	20	0.6121
1	0	.	.	.	20	0.3963
2	.	0	.	1	22	0.3828
2	0	0	1	1	23	1.8553
2	0	1	1	1	24	1.1819
2	1	0	1	1	24	0
1	0	0	0	1	25	0.768
2	0	0	0	0	26	0.4318
1	1	0	1	1	27	0.75
2	1	0	1	1	27	1.1489
1	0	1	1	0	29	3.7576
2	0	0	1	1	29	0.5205
1	1	1	0	1	30	0.8885
2	0	1	1	1	30	0
2	1	0	1	1	32	0.4142
1	1	0	1	0	32	1.3859
2	0	0	1	0	33	0.8273
2	1	0	1	0	35	0.8553
1	1	0	1	0	36	0
2	1	0	1	0	40	1.6665
1	0	0	1	1	44	0.6249
2	1	0	0	0	47	0.6182
2	0	0	1	1	51	1.3217
2	0	0	0	1	51	2.2971
1	1	1	1	1	53	0.9418
2	1	1	1	1	53	1.3401
2	1	0	0	1	54	3.2781
2	0	1	0	0	58	0.8329
1	0	0	1	1	59	0.8092
2	1	0	1	1	60	0.7059
2	1	0	0	0	61	0.7729
2	0	1	1	1	63	0.3407
1	1	0	1	1	65	0
2	1	0	0	0	67	0
1	1	1	1	1	68	0.454
1	1	1	1	1	69	0.8228
2	0	0	0	0	70	2.5941
2	1	.	1	.	72	0
1	0	1	0	1	73	0.9284
2	0	0	1	1	74	0.9926
2	0	0	1	1	74	0.4318
2	0	0	1	1	77	1.321
1	0	1	1	0	77	0.8303
2	0	0	0	0	79	2.1868
2	1	1	1	1	80	0.363
2	0	1	1	1	81	1.1868
2	1	1	1	1	83	0
1	0	0	1	0	85	0
2	1	1	1	0	85	1.1637
1	.	.	1	1	86	0
1	0	0	0	0	87	0.4317
2	1	0	1	1	88	0.4492
1	0	0	0	.	88	0.4046
2	1	1	1	1	91	0
1	0	0	0	0	91	1.0933
2	1	1	1	1	92	0
2	1	1	1	1	92	1.0338
2	0	0	0	0	93	3.0542
2	1	0	1	1	94	0
1	0	0	1	1	95	0.8457
1	1	1	1	1	97	0.9677
1	1	0	1	1	2	0.9119
1	1	1	1	1	3	1.3165
1	0	0	1	1	5	0
2	1	0	1	1	5	0.9133
2	0	0	1	1	6	0.3459
2	1	0	1	0	8	1.0071
1	1	0	1	0	10	0.3741
1	1	0	1	1	11	1.151
1	0	0	1	1	13	0.8378
1	0	1	1	0	17	0
1	1	0	1	0	18	0.7147
2	0	1	0	1	24	0.4317
1	0	1	0	1	29	1.7736
1	0	0	1	1	29	0.362
2	1	0	1	1	30	0.8739
1	0	1	0	1	33	1.5205
2	1	1	1	1	33	0.6182
2	1	1	0	1	34	0.7766
2	0	0	1	1	34	2.7043
1	1	0	1	1	35	2.0773
1	0	1	1	1	40	0.8864
1	0	0	1	1	40	1.6143
2	0	0	1	0	42	3.3586
2	1	1	1	1	45	2.4978
2	0	0	1	1	46	0.7226
1	0	0	0	0	48	0.671
2	0	0	0	1	51	0.7755
1	1	1	1	1	51	0.9119
2	1	1	1	1	53	0.6218
2	1	1	1	1	54	0.8079
2	.	0	.	.	54	1.1269
2	1	1	1	1	57	0.6896
2	1	0	1	1	64	0.4998
1	0	0	1	0	64	1.5366
1	1	0	1	0	69	0.8587
2	1	0	1	1	71	0.7253
2	0	0	1	1	72	0.788
1	0	0	1	1	72	1.2513
2	0	1	1	0	74	1.4728
2	1	1	1	1	75	0.3473
2	1	0	0	0	76	0.7089
1	0	0	1	1	76	0.832
2	1	1	1	1	77	0
2	1	0	1	1	77	0.882
1	1	0	1	1	80	0.8376
1	0	1	1	0	88	1.4292
1	0	1	0	1	93	0.7325
2	0	0	1	0	93	0.5149
1	0	0	1	1	94	0.9011
1	0	0	0	0	96	0.8614
1	0	1	1	1	98	0.9119
2	1	0	1	0	100	0.9796
2	.	.	1	1	1	0.8376
1	1	0	1	1	4	0.8337
2	1	0	1	1	5	1.1419
1	1	1	1	1	5	0.3906
2	0	1	1	1	7	1.2432
2	1	0	0	1	8	0
1	1	1	1	1	8	0.8833
1	0	0	0	0	9	2.7227
2	0	.	0	0	10	0.5522
1	0	0	1	1	11	0.8812
2	1	1	1	1	12	0.3473
2	0	0	0	1	13	3.0354
2	0	0	1	1	15	0
1	0	0	1	1	18	0.9212
1	1	0	1	0	18	0.6182
2	0	0	1	1	19	0.6249
1	1	0	0	0	19	0.9206
2	0	1	1	1	21	0
2	1	1	1	1	22	1.5118
1	1	1	0	0	23	0.9
1	1	1	1	1	23	0.8833
2	.	0	0	1	25	2.9614
1	0	0	1	1	26	1.0714
1	1	1	1	1	27	0.8509
2	0	1	0	1	27	0.7023
1	1	1	1	1	29	0.3828
1	1	0	1	0	29	1.6447
2	1	0	0	1	30	1.9186
1	0	0	1	0	31	0.3764
2	1	0	0	1	32	0.8833
2	0	0	1	0	32	1.2133
2	1	1	1	0	33	0.5663
2	.	1	0	0	36	0.7928
2	1	0	1	0	38	1.3416
2	0	0	0	0	39	0
1	1	0	1	0	40	0.6972
2	.	0	0	.	41	0.3459
2	0	0	1	1	41	0.4059
2	0	0	1	1	43	1.5801
2	0	0	0	0	43	2.174
2	0	.	.	.	48	0
1	0	0	1	1	49	0.6312
1	0	0	1	1	50	0
2	0	0	1	0	51	1.4095
1	1	1	1	0	53	0.447
2	0	0	1	1	53	1.5443
1	1	0	1	1	56	0.3925
1	0	0	1	1	58	0.9515
2	0	0	0	0	58	1.323
1	0	0	0	0	62	2.1013
2	0	0	1	1	63	1.2011
2	1	0	1	1	63	1.5985
2	0	1	1	0	65	2.5186
2	1	0	1	1	66	0.8495
1	1	0	1	1	66	0.716
2	0	0	0	0	67	1.413
2	0	0	1	0	69	0
2	1	0	0	0	70	0.6419
2	0	0	1	1	72	0.7075
1	1	0	0	1	73	0.6374
2	0	0	0	0	74	0
1	1	1	1	1	75	0.5292
2	0	0	1	1	75	0.68
2	0	0	1	1	76	0.8301
1	1	0	1	1	78	1.1635
1	0	0	1	0	79	1.413
1	1	0	1	0	80	1.3049
1	1	0	1	1	82	0.6031
2	1	0	1	1	83	0.7883
1	0	0	0	1	84	1.123
2	0	0	0	0	86	0.4074
2	0	0	1	1	87	1.7513
2	0	0	1	1	88	1.6689
2	0	0	1	1	90	0.7767
2	1	0	1	0	91	3.5313
1	0	0	0	1	92	0.478
2	0	0	0	1	93	0
2	1	1	1	1	94	2.6575
2	1	0	1	1	96	0.3407
2	0	0	1	1	97	0
2	1	1	1	1	97	1.2011
2	1	1	0	1	100	0.408
1	1	1	1	0	3	0.8614
2	1	1	1	1	4	1.8995
1	0	0	1	1	7	0.3599
1	1	1	1	1	9	0.3557
2	0	0	1	1	10	0
1	1	0	1	1	12	0
2	.	0	0	0	15	1.525
1	1	0	1	1	15	0.741
1	0	1	1	1	19	0.413
2	0	0	0	0	20	0.7947
2	1	1	1	1	20	0.7235
1	1	1	1	1	21	0.6182
1	1	0	1	1	22	1.487
1	1	0	1	1	24	0.4787
1	1	1	1	1	26	0.8707
2	0	1	1	0	27	1.3589
2	.	.	.	.	29	1.6539
2	0	1	0	0	31	1.3199
2	1	0	0	0	32	0.3557
2	0	1	1	0	32	0.6499
1	1	0	1	1	33	0.6182
1	0	0	1	1	34	0
2	1	0	1	1	37	2.057
2	1	1	1	1	37	0.7226
2	0	1	0	0	39	0.4426
1	1	0	0	0	41	1.0675
2	0	0	1	1	43	0.3701
1	0	0	1	1	44	1.7054
2	0	0	1	1	44	0.9011
2	0	1	0	0	46	1.3242
1	0	0	1	.	47	0
2	1	1	0	0	48	0.3454
1	0	0	1	0	53	0.3096
2	0	0	1	1	53	0.8005
2	0	0	1	0	54	0.3787
1	0	0	0	0	55	0
1	1	1	1	1	57	0.9534
2	0	0	1	1	59	0.8404
2	.	.	.	.	60	0
2	.	.	.	.	62	0
1	1	1	1	1	63	0.9677
2	0	1	1	1	65	1.7683
2	0	0	0	1	65	0.3423
2	.	.	.	.	67	0
2	0	0	1	1	68	1.183
2	1	0	1	1	70	0.9142
2	0	0	1	0	74	1.0771
2	1	1	1	0	74	0.6207
1	0	0	1	0	75	0.3923
2	1	1	1	1	75	0.8515
2	1	1	0	1	76	1.3921
2	1	0	1	0	77	1.5469
1	1	0	0	0	78	0.3424
1	1	0	1	0	78	0.5958
2	1	1	1	0	79	0.9438
2	0	0	0	1	80	1.8762
2	0	0	1	1	80	0
1	0	1	0	1	83	1.1863
1	1	1	1	0	84	0
1	1	1	1	0	85	0.6965
2	0	0	0	1	86	0.7201
1	1	1	1	1	87	0.8376
2	0	0	1	1	88	0.7222
2	0	0	1	1	89	5.43
1	1	0	1	1	93	1.0164
1	1	0	0	0	93	0.961
2	1	1	1	1	94	1.001
1	1	0	0	0	95	0
1	1	0	1	0	97	0.8614
2	0	0	0	0	97	2.1379
2	1	1	1	1	98	0.8228
2	1	0	1	1	99	0.4919
1	0	1	0	1	99	0.8011
1	0	1	1	1	100	1.616
2	0	0	0	1	2	0.4699
2	0	0	1	1	5	1.5118
1	0	0	0	0	5	0.8739
2	0	0	1	1	6	1.4389
1	1	0	1	1	7	0.6804
1	0	0	1	1	10	0
2	1	0	1	1	12	0.9598
2	1	0	1	1	14	0.4281
2	1	0	1	0	16	0
1	1	1	1	1	19	0.6182
2	1	0	1	0	20	0
2	0	0	1	0	21	1.087
2	0	0	1	1	21	1.179
2	1	0	1	1	25	1.0938
2	1	1	1	1	28	0.7481
2	1	1	1	1	33	1.1439
1	0	0	1	0	36	2.3743
2	1	0	1	1	36	0
2	0	1	1	1	38	1.2214
1	0	0	1	0	38	0.771
2	1	1	1	1	39	0.3083
1	1	0	1	1	43	0.3749
1	1	0	0	0	43	0.8145
2	1	1	1	1	44	0
2	0	0	1	1	45	0
2	1	1	1	0	48	0
2	0	1	0	1	50	0.6899
2	0	0	.	.	51	0.3231
1	1	0	0	1	52	0.7582
1	0	1	1	1	53	0.9985
2	0	0	1	1	53	1.0463
1	1	0	0	0	55	0.3877
2	0	0	0	0	57	1.7585
1	0	1	1	1	58	0
2	1	0	1	1	59	0.3864
1	0	0	1	1	60	1.8561
1	0	1	1	1	61	0.6218
1	1	0	1	0	62	0.7266
1	1	0	1	1	62	0.8537
2	1	0	1	1	65	0.8273
2	1	1	1	1	68	0.4942
2	1	1	1	1	69	2.3481
1	0	0	1	1	69	1.1661
2	1	0	1	1	71	0.7589
1	0	0	0	1	72	0.8986
2	0	0	1	0	73	0.8792
2	1	0	1	1	74	0.8273
1	1	0	1	0	77	1.8954
2	1	0	1	1	78	0.5082
2	1	0	1	1	79	0.7504
2	0	0	1	1	79	0.7434
1	1	0	0	0	82	0.8273
1	0	0	1	0	82	1.5739
1	0	0	1	1	85	0
2	0	0	0	0	87	0.8965
2	0	0	0	0	88	0
2	1	1	1	1	88	0.5064
2	0	0	1	0	89	0.7284
2	1	1	1	1	91	1.339
1	1	0	1	1	92	0.5793
1	1	0	1	0	94	0.3431
2	0	0	1	1	94	0.6129
1	1	0	1	1	96	0.3366
1	1	0	1	0	96	0.7683
1	1	1	1	1	98	0.7819
2	1	0	1	1	99	0.4217
1	0	0	1	1	1	1.6757
1	.	.	.	.	2	0.4841
1	0	0	1	1	2	0.758
1	1	0	1	1	3	0.8092
2	.	0	.	.	3	0.3335
2	1	0	1	1	5	1.1344
1	0	0	1	0	5	0.6647
1	1	0	1	1	6	1.0575
1	0	.	.	.	7	0.3916
1	0	1	1	1	8	0.375
2	1	1	1	1	9	0.3267
1	1	1	1	1	11	0.9677
1	1	1	1	1	12	0.8614
1	1	0	1	0	16	0
2	0	0	1	1	17	0
1	0	0	1	0	18	0
1	0	0	1	1	20	0.5989
1	1	1	1	1	21	0
2	0	0	1	1	22	1.0338
1	1	1	1	0	23	0.8727
2	1	0	1	1	25	1.7794
2	1	0	1	1	28	0.4513
1	1	0	1	1	31	0.8099
2	.	.	.	.	32	0
2	0	0	1	1	34	1.8304
1	1	0	0	0	35	0.3567
1	.	0	.	.	36	0.9821
2	1	0	0	0	37	0
1	1	0	1	1	38	0.9418
2	1	1	1	1	38	0
2	0	0	0	0	43	0.7126
2	1	1	1	1	44	0
2	0	0	1	1	45	0.4836
2	0	0	1	1	46	0.7266
1	0	0	0	0	49	0
2	0	1	0	0	52	0
2	1	0	1	1	54	0.385
2	0	1	1	1	56	0
2	0	.	1	1	57	0.5288
2	1	0	1	1	59	0.9539
1	1	1	1	1	60	0.7071
1	0	0	1	0	61	1.4821
2	1	1	1	1	62	0.9458
2	0	1	1	0	64	0.8399
2	0	0	1	1	68	3.0479
1	1	1	0	0	70	0.4138
2	1	1	0	0	71	0.8482
2	1	0	1	1	76	0.7508
1	0	0	0	1	77	0.3707
1	0	0	1	0	78	0
2	0	1	1	0	79	0.7099
2	0	0	0	1	82	0.7586
2	0	0	0	0	83	0.823
2	1	0	0	1	84	1.0058
1	1	0	0	1	87	3.6407
2	0	0	1	1	89	1.3699
1	0	0	1	0	89	0.8722
1	0	0	1	0	90	0.3893
1	.	.	.	.	91	0
2	1	0	1	1	91	0.6307
2	1	0	1	1	93	0.8715
2	1	0	1	1	94	0.4915
2	0	1	1	0	94	0.6537
1	0	1	1	1	96	0
2	1	1	1	1	97	0
2	1	1	1	1	98	0
1	1	0	0	1	98	0.8587
2	0	0	1	1	1	1.0652
2	0	0	0	1	3	0.6333
1	0	0	1	0	4	0.4035
1	0	0	0	1	5	2.4498
1	0	0	1	1	6	1.2903
1	0	0	0	0	7	1.4114
2	0	0	1	0	12	1.5588
2	0	1	1	1	13	1.0034
1	1	1	1	1	15	0.7235
1	0	1	1	1	17	0
1	0	0	0	0	17	0.9752
1	1	0	1	1	18	1.4371
1	0	1	1	1	21	0.2803
2	0	0	1	1	23	0.3407
1	0	1	1	1	25	0
2	1	0	1	1	25	0.741
2	0	1	0	0	26	0.8739
1	1	0	1	1	28	1.284
2	0	0	1	1	29	1.525
2	0	0	0	0	30	0.946
1	.	0	1	0	34	0
1	0	0	0	0	40	1.4006
2	1	1	1	1	41	0.6416
2	0	0	1	1	43	0.6296
1	0	0	1	0	46	0
1	0	0	0	0	48	1.0376
1	0	1	1	1	52	0.9799
1	.	0	.	.	53	0
2	0	1	0	0	55	1.6314
2	1	1	1	1	60	1.51
1	0	0	0	0	61	0
1	0	0	0	0	61	3.6086
1	.	0	1	0	64	0.5748
1	0	0	1	1	64	0.6493
1	0	0	1	0	65	0.3484
1	.	.	.	.	67	0
2	0	0	1	1	68	0.4253
2	0	0	1	0	69	1.321
1	1	0	1	0	70	1.5003
2	1	0	0	1	71	6.1986
2	0	0	1	0	71	0
2	1	0	0	0	73	1.2003
2	0	0	0	1	74	1.4879
2	0	0	1	0	74	1.2752
1	1	0	1	1	75	1.4562
1	0	0	0	1	75	1.8935
1	1	0	0	1	77	0.764
2	1	1	1	1	80	1.776
2	0	0	0	0	81	0.9065
1	1	0	1	1	81	0.3749
2	1	0	1	1	82	0.8079
1	0	1	0	1	83	1.8458
1	1	0	1	1	83	0.697
1	.	.	.	.	84	0
2	1	0	0	0	87	1.4617
1	0	0	0	1	88	0
2	1	0	1	1	89	0.7835
1	0	0	1	1	90	0.7508
2	0	0	0	0	91	0.7819
2	1	0	1	1	91	0.2673
1	1	0	0	1	93	0.431
2	1	0	1	1	95	0.8032
2	0	1	1	1	96	0
2	1	0	1	1	97	1.3729
1	1	0	1	0	97	0.8008
1	0	0	1	0	99	0.9853
1	1	0	1	1	100	0
2	0	0	0	0	3	0
1	1	1	1	1	5	0.6249
1	1	0	1	0	5	0.8897
2	0	0	1	0	6	1.4855
1	0	0	.	.	8	0
1	0	0	.	.	9	0.9628
2	0	1	1	0	10	0.8495
2	1	1	1	1	11	0
1	1	0	1	1	12	0.949
1	0	1	0	0	13	0.8356
2	0	1	1	1	13	2.0777
2	1	0	1	0	20	0.8032
2	0	0	1	0	22	1.7548
1	1	0	1	1	23	1.5988
1	1	1	1	0	24	0.3802
1	0	0	1	1	26	0
1	0	0	0	1	27	0.8868
2	1	0	1	1	27	0.8092
1	1	1	1	1	28	0
1	1	1	1	1	29	0.8461
2	.	0	1	0	29	0.3526
1	1	1	0	1	30	0
1	1	1	1	1	30	0.9284
2	0	0	0	1	31	0
1	0	0	1	0	33	0
2	1	0	1	0	34	0.7948
2	0	0	1	1	35	0.7651
2	1	0	1	1	36	0.4298
1	1	0	1	1	39	0.3934
2	1	1	1	0	40	1.2217
1	0	1	0	1	41	0.3733
2	0	0	0	0	44	0.9065
2	0	0	0	1	45	1.4104
1	1	0	1	1	46	0.6182
1	0	1	1	1	48	0.7589
1	0	0	0	0	49	1.5091
2	0	0	1	1	49	0.3036
1	0	0	1	0	50	0.5958
2	1	0	1	1	52	0.6798
1	1	0	1	1	52	1.6885
2	1	0	1	0	53	1.4728
1	0	0	0	0	53	0
1	1	0	1	1	54	0.3591
2	1	1	1	1	54	0.9842
1	0	.	1	1	55	0.7071
1	1	0	1	1	56	0.6279
1	1	1	1	1	58	0.7474
1	0	1	1	1	59	0.523
1	0	0	0	0	61	1.6517
1	.	0	0	0	62	0.4426
2	0	0	0	0	63	1.2954
2	0	0	1	1	63	1.1999
1	0	0	1	1	65	1.8755
1	1	0	0	1	66	1.9849
2	0	0	1	0	71	0.4253
1	.	0	1	1	72	0.3436
2	1	0	1	1	72	0.598
1	1	0	0	0	79	0.3615
2	1	0	1	1	79	0.4459
1	1	0	1	0	81	0.3787
2	0	0	1	0	82	0.3072
1	0	0	1	1	82	2.3043
2	0	0	1	0	83	0
1	1	1	1	1	84	0
1	0	0	.	.	85	0.7235
1	0	0	1	0	86	0.8242
2	1	1	1	1	90	0
1	0	0	0	1	91	0.8177
2	0	0	0	0	94	0
2	1	0	1	1	94	2.4343
2	1	0	0	1	95	1.1305
2	1	0	1	1	96	0.803
2	0	0	0	1	98	1.4439
2	0	1	1	1	99	3.7246
2	1	0	1	1	100	1.168
1	0	0	1	1	100	0
